/*
    Author : Asad Shahabuddin
    Created: Jul 22, 2015
    Email  : shahabuddin.a@husky.neu.edu
*/

/* ===================== */
/* New York City : BEGIN */
/* ===================== */

/* Group 0 */
var grp0Coords = [
    [40.785999, -73.943315], [40.790099, -73.943315], [40.794199, -73.943315], [40.785999, -73.947415],
    [40.798299, -73.943315], [40.790099, -73.947415], [40.794199, -73.947415], [40.790099, -73.951515],
    [40.790099, -73.955615], [40.794199, -73.951515], [40.794199, -73.955615], [40.798299, -73.947415],
    [40.798299, -73.951515], [40.798299, -73.955615], [40.802399, -73.951515], [40.802399, -73.947415],
    [40.806499, -73.947415], [40.802399, -73.943315], [40.806499, -73.943315], [40.810599, -73.943315],
    [40.814699, -73.943315], [40.818799, -73.939215], [40.814699, -73.939215], [40.810599, -73.939215],
    [40.822899, -73.935115], [40.818799, -73.935115], [40.814699, -73.935115], [40.806499, -73.939215],
    [40.810599, -73.935115], [40.806499, -73.935115], [40.802399, -73.939215], [40.802399, -73.935115],
    [40.798299, -73.931015], [40.798299, -73.935115], [40.794199, -73.931015], [40.798299, -73.939215],
    [40.794199, -73.935115], [40.794199, -73.939215], [40.790099, -73.939215], [40.785999, -73.939215],
    [40.785999, -73.943315]
];

/* Group 1 */
var grp1Coords = [
    [40.765499, -73.959715], [40.769599, -73.959715], [40.765499, -73.963815], [40.773699, -73.959715],
    [40.769599, -73.963815], [40.769599, -73.967915], [40.769599, -73.972015], [40.773699, -73.963815],
    [40.773699, -73.967915], [40.773699, -73.972015], [40.777799, -73.967915], [40.777799, -73.963815],
    [40.781899, -73.963815], [40.777799, -73.959715], [40.785999, -73.963815], [40.781899, -73.959715],
    [40.785999, -73.959715], [40.790099, -73.959715], [40.785999, -73.955615], [40.781899, -73.955615],
    [40.785999, -73.951515], [40.781899, -73.951515], [40.777799, -73.955615], [40.781899, -73.947415],
    [40.777799, -73.951515], [40.777799, -73.947415], [40.773699, -73.943315], [40.773699, -73.947415],
    [40.773699, -73.951515], [40.769599, -73.947415], [40.773699, -73.955615], [40.769599, -73.951515],
    [40.765499, -73.951515], [40.769599, -73.955615], [40.765499, -73.955615]
];

/* Group 2 */
var grp2Coords = [
    [40.773699, -73.980215], [40.777799, -73.980215], [40.773699, -73.984315], [40.781899, -73.980215],
    [40.777799, -73.984315], [40.777799, -73.988415], [40.777799, -73.992515], [40.781899, -73.984315],
    [40.781899, -73.988415], [40.785999, -73.984315], [40.785999, -73.980215], [40.790099, -73.984315],
    [40.790099, -73.980215], [40.794199, -73.980215], [40.798299, -73.980215], [40.794199, -73.976115],
    [40.790099, -73.976115], [40.794199, -73.972015], [40.790099, -73.972015], [40.785999, -73.976115],
    [40.790099, -73.967915], [40.790099, -73.963815], [40.785999, -73.972015], [40.785999, -73.967915],
    [40.781899, -73.967915], [40.781899, -73.972015], [40.777799, -73.972015], [40.781899, -73.976115],
    [40.777799, -73.976115], [40.773699, -73.976115]
];

/* Group 3 */
var grp3Coords = [
    [40.765499, -73.992515], [40.765499, -73.996615], [40.765499, -74.000715], [40.769599, -74.000715],
    [40.769599, -73.996615], [40.769599, -73.992515], [40.773699, -73.996615], [40.773699, -73.992515],
    [40.773699, -73.988415], [40.769599, -73.988415], [40.769599, -73.984315], [40.769599, -73.980215],
    [40.769599, -73.976115], [40.765499, -73.980215], [40.765499, -73.984315], [40.761399, -73.984315],
    [40.765499, -73.988415], [40.761399, -73.988415]
];

/* Group 4 */
var grp4Coords = [
    [40.753199, -73.972015], [40.757299, -73.972015], [40.757299, -73.976115], [40.757299, -73.980215],
    [40.761399, -73.980215], [40.761399, -73.976115], [40.761399, -73.972015], [40.765499, -73.976115],
    [40.765499, -73.972015], [40.765499, -73.967915], [40.761399, -73.967915], [40.761399, -73.963815],
    [40.761399, -73.959715], [40.757299, -73.959715], [40.757299, -73.963815], [40.753199, -73.963815],
    [40.757299, -73.967915], [40.753199, -73.967915],   
];

/* Group 5 */
var grp5Coords = [
    [40.753199, -73.996615], [40.753199, -74.000715], [40.757299, -74.008915], [40.757299, -74.004815],
    [40.757299, -74.000715], [40.761399, -74.004815], [40.761399, -74.000715], [40.757299, -73.996615],
    [40.761399, -73.996615], [40.761399, -73.992515], [40.757299, -73.992515], [40.757299, -73.988415],
    [40.757299, -73.984315], [40.753199, -73.988415], [40.753199, -73.992515], [40.749099, -73.992515]
];

/* Group 6 */
var grp6Coords = [
    [40.732699, -73.984315], [40.736799, -73.984315], [40.736799, -73.988415], [40.736799, -73.992515],
    [40.740899, -73.992515], [40.740899, -73.988415], [40.744999, -73.988415], [40.740899, -73.984315], 
    [40.740899, -73.980215], [40.740899, -73.976115], [40.736799, -73.976115], [40.736799, -73.980215], 
    [40.732699, -73.976115], [40.728599, -73.976115], [40.732699, -73.980215]
];

/* Group 7 */
var grp7Coords = [
    [40.740899, -74.004815], [40.744999, -74.004815], [40.744999, -74.008915], [40.744999, -74.013015],
    [40.749099, -74.008915], [40.753199, -74.008915], [40.749099, -74.004815], [40.753199, -74.004815],
    [40.749099, -74.000715], [40.749099, -73.996615], [40.744999, -73.992515], [40.744999, -73.996615],
    [40.744999, -74.000715], [40.740899, -73.996615]
];

/* Group 8 */
var grp8Coords = [
    [40.720399, -74.008915], [40.720399, -74.013015], [40.720399, -74.017115], [40.724499, -74.013015],
    [40.724499, -74.008915], [40.728599, -74.013015], [40.728599, -74.008915], [40.728599, -74.004815],
    [40.724499, -74.004815], [40.724499, -74.000715], [40.724499, -73.996615], [40.720399, -74.000715],
    [40.720399, -74.004815], [40.716299, -74.004815]
];

/* Group 9 */
var grp9Coords = [
    [40.724499, -73.988415], [40.724499, -73.992515], [40.728599, -73.996615], [40.728599, -73.992515],
    [40.728599, -73.988415], [40.732699, -73.992515], [40.732699, -73.988415], [40.728599, -73.984315],
    [40.728599, -73.980215], [40.724499, -73.976115], [40.724499, -73.980215], [40.720399, -73.976115],
    [40.724499, -73.984315]
];

/* Group 10 */
var grp10Coords = [
    [40.708099, -74.000715], [40.703999, -74.008915], [40.703999, -74.013015], [40.708099, -74.004815],
    [40.708099, -74.008915], [40.712199, -74.004815], [40.712199, -74.000715], [40.716299, -74.000715],
    [40.712199, -73.996615], [40.712199, -73.992515], [40.712199, -73.988415], [40.712199, -73.984315],
    [40.712199, -73.980215]
];

/* Group 11 */
var grp11Coords = [
    [40.732699, -74.008915], [40.732699, -74.013015], [40.736799, -74.013015], [40.736799, -74.008915],
    [40.740899, -74.013015], [40.740899, -74.008915], [40.736799, -74.004815], [40.736799, -74.000715],
    [40.736799, -73.996615], [40.732699, -73.996615], [40.732699, -74.000715], [40.728599, -74.000715],
    [40.732699, -74.004815]
];

/* Group 12 */
var grp12Coords = [
    [40.744999, -73.980215], [40.744999, -73.984315], [40.749099, -73.988415], [40.749099, -73.984315],
    [40.749099, -73.980215], [40.753199, -73.984315], [40.753199, -73.980215], [40.753199, -73.976115],
    [40.749099, -73.976115], [40.749099, -73.972015], [40.749099, -73.967915], [40.744999, -73.972015],
    [40.744999, -73.976115]
];

/* Group 13 */
var grp13Coords = [
    [40.716299, -73.988415], [40.716299, -73.992515], [40.716299, -73.996615], [40.720399, -73.996615],
    [40.720399, -73.992515], [40.720399, -73.988415], [40.720399, -73.984315], [40.720399, -73.980215],
    [40.716299, -73.976115], [40.716299, -73.980215], [40.716299, -73.984315]
];

/* Group 14 */
var grp14Coords = [
    [40.703999, -74.017115], [40.708099, -74.017115], [40.712199, -74.017115], [40.716299, -74.017115],
    [40.716299, -74.013015], [40.716299, -74.008915], [40.712199, -74.013015], [40.712199, -74.008915],
    [40.708099, -74.013015]
];

/* Group -2 */
var grpNeg2Coords = [
    [40.806499, -73.951515], [40.810599, -73.951515], [40.814699, -73.951515], [40.818799, -73.951515],
    [40.802399, -73.955615], [40.806499, -73.955615], [40.794199, -73.959715], [40.798299, -73.959715],
    [40.810599, -73.955615], [40.802399, -73.959715], [40.822899, -73.951515], [40.794199, -73.963815],
    [40.814699, -73.955615], [40.806499, -73.959715], [40.798299, -73.963815], [40.794199, -73.967915],
    [40.802399, -73.963815], [40.703999, -74.021215], [40.810599, -73.959715], [40.708099, -74.021215],
    [40.798299, -73.967915], [40.712199, -74.021215], [40.716299, -74.021215], [40.818799, -73.955615],
    [40.806499, -73.963815], [40.728599, -74.017115], [40.802399, -73.967915], [40.798299, -73.972015],
    [40.814699, -73.959715], [40.810599, -73.963815], [40.806499, -73.967915], [40.802399, -73.972015],
    [40.765499, -74.004815], [40.798299, -73.976115], [40.781899, -73.992515], [40.802399, -73.976115],
    [40.806499, -73.972015], [40.810599, -73.967915], [40.814699, -73.963815], [40.818799, -73.959715],
    [40.822899, -73.955615], [40.814699, -73.967915], [40.826999, -73.951515], [40.818799, -73.963815],
    [40.822899, -73.959715], [40.822899, -73.963815], [40.826999, -73.955615], [40.826999, -73.959715],
    [40.831099, -73.955615], [40.831099, -73.951515], [40.835199, -73.951515], [40.839299, -73.951515],
    [40.851599, -73.947415], [40.847499, -73.947415], [40.843399, -73.947415], [40.839299, -73.947415],
    [40.855699, -73.943315], [40.851599, -73.943315], [40.835199, -73.947415], [40.847499, -73.943315],
    [40.859799, -73.939215], [40.872099, -73.935115], [40.867999, -73.935115], [40.855699, -73.939215],
    [40.876199, -73.931015], [40.843399, -73.943315], [40.863899, -73.935115], [40.872099, -73.931015],
    [40.851599, -73.939215], [40.859799, -73.935115], [40.867999, -73.931015], [40.876199, -73.926915],
    [40.872099, -73.926915], [40.863899, -73.931015], [40.855699, -73.935115], [40.847499, -73.939215],
    [40.839299, -73.943315], [40.876199, -73.922815], [40.867999, -73.926915], [40.859799, -73.931015],
    [40.872099, -73.922815], [40.851599, -73.935115], [40.863899, -73.926915], [40.867999, -73.922815],
    [40.855699, -73.931015], [40.843399, -73.939215], [40.872099, -73.918715], [40.831099, -73.947415],
    [40.859799, -73.926915], [40.847499, -73.935115], [40.863899, -73.922815], [40.867999, -73.918715],
    [40.851599, -73.931015], [40.872099, -73.914615], [40.855699, -73.926915], [40.859799, -73.922815],
    [40.863899, -73.918715], [40.867999, -73.914615], [40.835199, -73.943315], [40.839299, -73.939215],
    [40.843399, -73.935115], [40.847499, -73.931015], [40.851599, -73.926915], [40.855699, -73.922815],
    [40.843399, -73.931015], [40.839299, -73.935115], [40.835199, -73.939215], [40.835199, -73.935115],
    [40.831099, -73.943315], [40.831099, -73.939215], [40.831099, -73.935115], [40.826999, -73.935115],
    [40.826999, -73.939215], [40.826999, -73.943315], [40.822899, -73.939215], [40.822899, -73.943315],
    [40.826999, -73.947415], [40.818799, -73.943315], [40.822899, -73.947415], [40.818799, -73.947415],
    [40.814699, -73.947415], [40.810599, -73.947415]
];

/* Insert data into the 'newyorkcity' collection. */
newyorkcity = new NYCModel({gid: "0" , coords: grp0Coords});
newyorkcity.save();
newyorkcity = new NYCModel({gid: "1" , coords: grp1Coords});
newyorkcity.save();
newyorkcity = new NYCModel({gid: "2" , coords: grp2Coords});
newyorkcity.save();
newyorkcity = new NYCModel({gid: "3" , coords: grp3Coords});
newyorkcity.save();
newyorkcity = new NYCModel({gid: "4" , coords: grp4Coords});
newyorkcity.save();
newyorkcity = new NYCModel({gid: "5" , coords: grp5Coords});
newyorkcity.save();
newyorkcity = new NYCModel({gid: "6" , coords: grp6Coords});
newyorkcity.save();
newyorkcity = new NYCModel({gid: "7", coords: grp7Coords});
newyorkcity.save();
newyorkcity = new NYCModel({gid: "8" , coords: grp8Coords});
newyorkcity.save();
newyorkcity = new NYCModel({gid: "9" , coords: grp9Coords});
newyorkcity.save();
newyorkcity = new NYCModel({gid: "10", coords: grp10Coords});
newyorkcity.save();
newyorkcity = new NYCModel({gid: "11", coords: grp11Coords});
newyorkcity.save();
newyorkcity = new NYCModel({gid: "12", coords: grp12Coords});
newyorkcity.save();
newyorkcity = new NYCModel({gid: "13", coords: grp13Coords});
newyorkcity.save();
newyorkcity = new NYCModel({gid: "14", coords: grp14Coords});
newyorkcity.save();
newyorkcity = new NYCModel({gid: "-2", coords: grpNeg2Coords});
newyorkcity.save();

/* =================== */
/* New York City : END */
/* =================== */

/* ============== */
/* Boston : BEGIN */
/* ============== */

/* Group 0 */
var grp0Coords = [
    [42.277519, -71.179364], [42.285319, -71.179364], [42.293119, -71.179364], [42.300919, -71.179364], 
    [42.308719, -71.179364], [42.316519, -71.179364], [42.324319, -71.179364], [42.277519, -71.187164], 
    [42.285319, -71.187164], [42.293119, -71.187164], [42.300919, -71.187164], [42.308719, -71.187164], 
    [42.277519, -71.194964], [42.285319, -71.194964], [42.316519, -71.187164], [42.293119, -71.194964], 
    [42.300919, -71.194964], [42.324319, -71.187164], [42.308719, -71.194964], [42.332119, -71.187164], 
    [42.316519, -71.194964], [42.324319, -71.194964], [42.332119, -71.194964], [42.339919, -71.194964], 
    [42.347719, -71.194964], [42.355519, -71.194964], [42.355519, -71.187164], [42.363319, -71.194964], 
    [42.363319, -71.187164], [42.371119, -71.194964], [42.378919, -71.194964], [42.371119, -71.187164], 
    [42.386719, -71.194964], [42.394519, -71.194964], [42.378919, -71.187164], [42.402319, -71.194964], 
    [42.410119, -71.194964], [42.386719, -71.187164], [42.417919, -71.194964], [42.425719, -71.194964], 
    [42.394519, -71.187164], [42.363319, -71.179364], [42.433519, -71.194964], [42.402319, -71.187164], 
    [42.441319, -71.194964], [42.410119, -71.187164], [42.417919, -71.187164], [42.425719, -71.187164], 
    [42.371119, -71.179364], [42.433519, -71.187164], [42.441319, -71.187164], [42.378919, -71.179364], 
    [42.386719, -71.179364], [42.394519, -71.179364], [42.402319, -71.179364], [42.410119, -71.179364], 
    [42.417919, -71.179364], [42.425719, -71.179364], [42.433519, -71.179364], [42.425719, -71.171564], 
    [42.417919, -71.171564], [42.410119, -71.171564], [42.402319, -71.171564], [42.394519, -71.171564], 
    [42.386719, -71.171564], [42.417919, -71.163764], [42.378919, -71.171564], [42.410119, -71.163764], 
    [42.402319, -71.163764], [42.371119, -71.171564], [42.394519, -71.163764], [42.410119, -71.155964], 
    [42.386719, -71.163764], [42.402319, -71.155964], [42.378919, -71.163764], [42.363319, -71.171564], 
    [42.371119, -71.163764], [42.371119, -71.155964], [42.363319, -71.163764], [42.363319, -71.155964], 
    [42.363319, -71.148164], [42.300919, -71.132564], [42.300919, -71.140364], [42.293119, -71.140364], 
    [42.300919, -71.148164], [42.293119, -71.148164], [42.285319, -71.148164], [42.300919, -71.155964], 
    [42.293119, -71.155964], [42.285319, -71.155964], [42.308719, -71.163764], [42.300919, -71.163764], 
    [42.293119, -71.163764], [42.285319, -71.163764], [42.277519, -71.163764], [42.316519, -71.171564], 
    [42.308719, -71.171564], [42.300919, -71.171564], [42.293119, -71.171564], [42.285319, -71.171564], 
    [42.277519, -71.171564]
];

/* Group 1 */
var grp1Coords = [
    [42.308719, -71.148164], [42.316519, -71.148164], [42.324319, -71.148164], [42.308719, -71.155964], 
    [42.316519, -71.155964], [42.316519, -71.163764], [42.324319, -71.155964], [42.332119, -71.148164], 
    [42.324319, -71.163764], [42.324319, -71.171564], [42.332119, -71.155964], [42.332119, -71.163764], 
    [42.332119, -71.171564], [42.332119, -71.179364], [42.339919, -71.187164], [42.339919, -71.179364], 
    [42.339919, -71.171564], [42.339919, -71.163764], [42.347719, -71.187164], [42.347719, -71.179364], 
    [42.339919, -71.155964], [42.347719, -71.171564], [42.355519, -71.179364], [42.347719, -71.163764], 
    [42.355519, -71.171564], [42.355519, -71.163764], [42.347719, -71.155964], [42.339919, -71.148164], 
    [42.355519, -71.155964], [42.347719, -71.148164], [42.355519, -71.148164], [42.363319, -71.140364], 
    [42.355519, -71.140364], [42.347719, -71.140364], [42.355519, -71.132564], [42.339919, -71.140364], 
    [42.347719, -71.132564], [42.355519, -71.124764], [42.355519, -71.116964], [42.347719, -71.124764], 
    [42.347719, -71.116964], [42.339919, -71.132564], [42.339919, -71.124764], [42.339919, -71.116964], 
    [42.332119, -71.116964], [42.332119, -71.124764], [42.332119, -71.132564], [42.324319, -71.101364], 
    [42.324319, -71.109164], [42.324319, -71.116964], [42.316519, -71.109164], [42.324319, -71.124764], 
    [42.332119, -71.140364], [42.316519, -71.116964], [42.324319, -71.132564], [42.316519, -71.124764], 
    [42.308719, -71.124764], [42.316519, -71.132564], [42.308719, -71.132564], [42.324319, -71.140364], 
    [42.316519, -71.140364], [42.308719, -71.140364]
];

/* Group 2 */
var grp2Coords = [
    [42.386719, -71.124764], [42.394519, -71.124764], [42.386719, -71.132564], [42.386719, -71.140364], 
    [42.386719, -71.148164], [42.394519, -71.132564], [42.386719, -71.155964], [42.394519, -71.140364], 
    [42.394519, -71.148164], [42.394519, -71.155964], [42.402319, -71.148164], [42.402319, -71.140364], 
    [42.402319, -71.132564], [42.402319, -71.124764], [42.410119, -71.148164], [42.410119, -71.140364], 
    [42.410119, -71.132564], [42.417919, -71.140364], [42.425719, -71.140364], [42.417919, -71.132564], 
    [42.410119, -71.124764], [42.425719, -71.132564], [42.417919, -71.124764], [42.425719, -71.124764], 
    [42.433519, -71.124764], [42.425719, -71.116964], [42.417919, -71.116964], [42.410119, -71.116964], 
    [42.425719, -71.109164], [42.417919, -71.109164], [42.410119, -71.109164], [42.402319, -71.116964], 
    [42.410119, -71.101364], [42.402319, -71.109164], [42.402319, -71.101364], [42.402319, -71.093564], 
    [42.394519, -71.077964], [42.394519, -71.085764], [42.394519, -71.093564], [42.386719, -71.077964], 
    [42.394519, -71.101364], [42.386719, -71.085764], [42.378919, -71.077964], [42.386719, -71.093564], 
    [42.378919, -71.085764], [42.394519, -71.109164], [42.386719, -71.101364], [42.378919, -71.093564], 
    [42.386719, -71.109164], [42.394519, -71.116964], [42.386719, -71.116964]
];

/* Group 3 */
var grp3Coords = [
    [42.332119, -71.077964], [42.339919, -71.077964], [42.347719, -71.077964], [42.339919, -71.085764], 
    [42.332119, -71.101364], [42.339919, -71.093564], [42.347719, -71.085764], [42.332119, -71.109164], 
    [42.339919, -71.101364], [42.339919, -71.109164], [42.347719, -71.093564], [42.347719, -71.101364], 
    [42.347719, -71.109164], [42.355519, -71.085764], [42.355519, -71.077964], [42.386719, -71.070164], 
    [42.378919, -71.070164], [42.386719, -71.062364], [42.378919, -71.062364], [42.363319, -71.070164], 
    [42.371119, -71.062364], [42.378919, -71.054564], [42.378919, -71.046764], [42.371119, -71.054564], 
    [42.363319, -71.062364], [42.363319, -71.054564], [42.363319, -71.046764], [42.355519, -71.070164], 
    [42.355519, -71.062364], [42.355519, -71.054564], [42.347719, -71.054564], [42.347719, -71.062364], 
    [42.347719, -71.070164], [42.339919, -71.070164]
];

/* Group 4 */
var grp4Coords = [
    [42.363319, -71.116964], [42.363319, -71.124764], [42.363319, -71.132564], [42.371119, -71.148164], 
    [42.371119, -71.140364], [42.371119, -71.132564], [42.371119, -71.124764], [42.378919, -71.155964], 
    [42.378919, -71.148164], [42.378919, -71.140364], [42.371119, -71.116964], [42.378919, -71.132564], 
    [42.378919, -71.124764], [42.378919, -71.116964], [42.378919, -71.109164], [42.378919, -71.101364], 
    [42.371119, -71.109164], [42.371119, -71.101364], [42.371119, -71.093564], [42.371119, -71.085764], 
    [42.371119, -71.077964], [42.371119, -71.070164], [42.363319, -71.077964], [42.363319, -71.085764], 
    [42.363319, -71.093564], [42.363319, -71.101364], [42.355519, -71.093564], [42.355519, -71.101364], 
    [42.363319, -71.109164], [42.355519, -71.109164]
];

/* Group 5 */
var grp5Coords = [
    [42.308719, -71.046764], [42.316519, -71.046764], [42.324319, -71.046764], [42.324319, -71.054564], 
    [42.332119, -71.046764], [42.324319, -71.062364], [42.332119, -71.054564], [42.332119, -71.062364], 
    [42.332119, -71.070164], [42.339919, -71.062364], [42.339919, -71.054564], [42.339919, -71.046764], 
    [42.347719, -71.046764], [42.355519, -71.046764], [42.355519, -71.038964], [42.347719, -71.038964], 
    [42.355519, -71.031164], [42.339919, -71.038964], [42.347719, -71.031164], [42.347719, -71.023364], 
    [42.347719, -71.015564], [42.339919, -71.031164], [42.339919, -71.023364], [42.339919, -71.015564], 
    [42.332119, -71.023364], [42.332119, -71.031164], [42.332119, -71.038964], [42.308719, -71.038964]
];

/* Group -2 */
var grpNeg2Coords = [
    [42.277519, -71.062364], [42.285319, -71.062364], [42.293119, -71.062364], [42.300919, -71.062364], 
    [42.308719, -71.062364], [42.316519, -71.062364], [42.277519, -71.070164], [42.285319, -71.070164], 
    [42.293119, -71.070164], [42.300919, -71.070164], [42.308719, -71.070164], [42.316519, -71.070164], 
    [42.277519, -71.077964], [42.285319, -71.077964], [42.324319, -71.070164], [42.293119, -71.077964], 
    [42.300919, -71.077964], [42.277519, -71.085764], [42.308719, -71.077964], [42.285319, -71.085764], 
    [42.316519, -71.077964], [42.293119, -71.085764], [42.277519, -71.093564], [42.300919, -71.085764], 
    [42.324319, -71.077964], [42.285319, -71.093564], [42.308719, -71.085764], [42.293119, -71.093564], 
    [42.277519, -71.101364], [42.316519, -71.085764], [42.300919, -71.093564], [42.285319, -71.101364], 
    [42.277519, -71.109164], [42.293119, -71.101364], [42.308719, -71.093564], [42.324319, -71.085764], 
    [42.285319, -71.109164], [42.300919, -71.101364], [42.316519, -71.093564], [42.277519, -71.116964], 
    [42.293119, -71.109164], [42.332119, -71.085764], [42.308719, -71.101364], [42.285319, -71.116964], 
    [42.277519, -71.124764], [42.300919, -71.109164], [42.324319, -71.093564], [42.293119, -71.116964], 
    [42.316519, -71.101364], [42.285319, -71.124764], [42.277519, -71.132564], [42.308719, -71.109164], 
    [42.300919, -71.116964], [42.293119, -71.124764], [42.332119, -71.093564], [42.285319, -71.132564], 
    [42.277519, -71.140364], [42.308719, -71.116964], [42.300919, -71.124764], [42.293119, -71.132564], 
    [42.285319, -71.140364], [42.277519, -71.148164], [42.277519, -71.155964], [42.417919, -71.155964], 
    [42.417919, -71.148164], [42.425719, -71.163764], [42.433519, -71.171564], [42.425719, -71.155964], 
    [42.441319, -71.179364], [42.433519, -71.163764], [42.425719, -71.148164], [42.441319, -71.171564], 
    [42.433519, -71.155964], [42.441319, -71.163764], [42.433519, -71.148164], [42.441319, -71.155964], 
    [42.433519, -71.140364], [42.441319, -71.148164], [42.433519, -71.132564], [42.441319, -71.140364], 
    [42.441319, -71.132564], [42.441319, -71.124764], [42.433519, -71.116964], [42.417919, -71.101364], 
    [42.410119, -71.093564], [42.402319, -71.085764], [42.441319, -71.116964], [42.433519, -71.109164], 
    [42.425719, -71.101364], [42.417919, -71.093564], [42.441319, -71.109164], [42.410119, -71.085764], 
    [42.433519, -71.101364], [42.425719, -71.093564], [42.402319, -71.077964], [42.441319, -71.101364], 
    [42.417919, -71.085764], [42.433519, -71.093564], [42.394519, -71.070164], [42.410119, -71.077964], 
    [42.425719, -71.085764], [42.441319, -71.093564], [42.433519, -71.085764], [42.417919, -71.077964], 
    [42.441319, -71.085764], [42.402319, -71.070164], [42.425719, -71.077964], [42.433519, -71.077964], 
    [42.410119, -71.070164], [42.441319, -71.077964], [42.417919, -71.070164], [42.425719, -71.070164], 
    [42.433519, -71.070164], [42.441319, -71.070164], [42.394519, -71.062364], [42.402319, -71.062364], 
    [42.410119, -71.062364], [42.417919, -71.062364], [42.425719, -71.062364], [42.433519, -71.062364], 
    [42.441319, -71.062364], [42.441319, -71.054564], [42.433519, -71.054564], [42.425719, -71.054564], 
    [42.417919, -71.054564], [42.410119, -71.054564], [42.402319, -71.054564], [42.441319, -71.046764], 
    [42.433519, -71.046764], [42.394519, -71.054564], [42.425719, -71.046764], [42.417919, -71.046764], 
    [42.441319, -71.038964], [42.433519, -71.038964], [42.410119, -71.046764], [42.386719, -71.054564], 
    [42.425719, -71.038964], [42.441319, -71.031164], [42.402319, -71.046764], [42.417919, -71.038964], 
    [42.433519, -71.031164], [42.441319, -71.023364], [42.425719, -71.031164], [42.410119, -71.038964], 
    [42.433519, -71.023364], [42.394519, -71.046764], [42.417919, -71.031164], [42.441319, -71.015564], 
    [42.425719, -71.023364], [42.402319, -71.038964], [42.433519, -71.015564], [42.441319, -71.007764], 
    [42.410119, -71.031164], [42.417919, -71.023364], [42.425719, -71.015564], [42.433519, -71.007764], 
    [42.441319, -70.999964], [42.386719, -71.046764], [42.394519, -71.038964], [42.402319, -71.031164], 
    [42.410119, -71.023364], [42.417919, -71.015564], [42.425719, -71.007764], [42.433519, -70.999964], 
    [42.441319, -70.992164], [42.441319, -70.984364], [42.433519, -70.992164], [42.425719, -70.999964], 
    [42.417919, -71.007764], [42.410119, -71.015564], [42.441319, -70.976564], [42.433519, -70.984364], 
    [42.402319, -71.023364], [42.425719, -70.992164], [42.441319, -70.968764], [42.417919, -70.999964], 
    [42.394519, -71.031164], [42.433519, -70.976564], [42.410119, -71.007764], [42.425719, -70.984364], 
    [42.417919, -70.992164], [42.402319, -71.015564], [42.386719, -71.038964], [42.410119, -70.999964], 
    [42.394519, -71.023364], [42.402319, -71.007764], [42.410119, -70.992164], [42.402319, -70.999964], 
    [42.394519, -71.015564], [42.386719, -71.031164], [42.402319, -70.992164], [42.394519, -71.007764], 
    [42.386719, -71.023364], [42.394519, -70.999964], [42.394519, -70.992164], [42.386719, -71.015564], 
    [42.394519, -70.984364], [42.386719, -71.007764], [42.378919, -71.038964], [42.386719, -70.999964], 
    [42.386719, -70.992164], [42.378919, -71.031164], [42.386719, -70.984364], [42.386719, -70.976564], 
    [42.378919, -71.023364], [42.378919, -71.015564], [42.378919, -71.007764], [42.378919, -70.999964], 
    [42.378919, -70.992164], [42.378919, -70.984364], [42.378919, -70.976564], [42.371119, -70.976564], 
    [42.371119, -70.984364], [42.371119, -70.992164], [42.371119, -70.999964], [42.371119, -71.007764], 
    [42.371119, -71.015564], [42.371119, -71.023364], [42.371119, -71.031164], [42.371119, -71.038964], 
    [42.363319, -70.999964], [42.363319, -71.007764], [42.371119, -71.046764], [42.363319, -71.015564], 
    [42.355519, -70.992164], [42.363319, -71.023364], [42.355519, -70.999964], [42.355519, -71.007764], 
    [42.363319, -71.031164], [42.355519, -71.015564], [42.347719, -71.007764], [42.355519, -71.023364], 
    [42.363319, -71.038964], [42.285319, -71.023364], [42.277519, -71.023364], [42.285319, -71.031164], 
    [42.277519, -71.031164], [42.285319, -71.038964], [42.277519, -71.038964], [42.300919, -71.046764], 
    [42.293119, -71.046764], [42.285319, -71.046764], [42.277519, -71.046764], [42.316519, -71.054564], 
    [42.308719, -71.054564], [42.300919, -71.054564], [42.293119, -71.054564], [42.285319, -71.054564], 
    [42.277519, -71.054564]
];

/* Insert data into the 'boston' collection. */
boston = new BostonModel({gid: "0" , coords: grp0Coords});
boston.save();
boston = new BostonModel({gid: "1" , coords: grp1Coords});
boston.save();
boston = new BostonModel({gid: "2" , coords: grp2Coords});
boston.save();
boston = new BostonModel({gid: "3" , coords: grp3Coords});
boston.save();
boston = new BostonModel({gid: "4" , coords: grp4Coords});
boston.save();
boston = new BostonModel({gid: "-2" , coords: grpNeg2Coords});
boston.save();

/* ============ */
/* Boston : END */
/* ============ */