2	37.547737	-122.284620	-2
2	37.555537	-122.378220	-2
2	37.539937	-122.284620	-2
0	37.789537	-122.214420	13
5	37.305937	-121.980420	12
5	37.274737	-122.011620	8
5	37.266937	-121.840020	2
1	37.742737	-122.167620	11
1	37.734937	-122.432820	-2
3	37.461937	-122.245620	-2
5	37.235737	-121.949220	8
5	37.227937	-121.996020	8
0	37.758337	-122.495220	22
3	37.485337	-122.191020	5
4	37.399537	-122.058420	1
2	37.578937	-122.113020	-2
2	37.571137	-122.113020	-2
4	37.352737	-121.949220	9
0	37.766137	-122.432820	23
0	37.773937	-122.510820	21
0	37.781737	-122.276820	19
1	37.703737	-122.479620	14
2	37.508737	-121.957020	0
5	37.259137	-121.855620	2
4	37.368337	-122.035020	1
2	37.516537	-121.996020	0
4	37.360537	-121.855620	6
4	37.313737	-121.847820	6
4	37.344937	-121.793220	6
1	37.719337	-122.245620	-2
0	37.922137	-122.339220	3
1	37.688137	-122.144220	11
5	37.243537	-121.933620	8
3	37.446337	-122.035020	1
3	37.477537	-122.222220	-2
5	37.274737	-122.035020	10
4	37.376137	-121.933620	-2
0	37.789537	-122.159820	13
5	37.266937	-122.035020	10
1	37.742737	-122.222220	-2
1	37.664737	-122.440620	4
5	37.227937	-121.957020	8
3	37.415137	-121.988220	7
3	37.407337	-122.113020	1
3	37.446337	-122.175420	5
4	37.399537	-121.879020	9
3	37.500937	-122.167620	5
4	37.305937	-121.871220	6
4	37.329337	-121.957020	12
0	37.828537	-122.261220	17
0	37.773937	-122.456220	21
0	37.976737	-122.323620	3
0	38.000137	-122.276820	3
2	37.508737	-121.996020	0
5	37.259137	-121.816620	2
3	37.430737	-121.910220	9
4	37.360537	-122.066220	1
4	37.368337	-121.847820	6
4	37.321537	-121.886820	6
3	37.469737	-121.949220	7
4	37.344937	-121.972620	7
1	37.633537	-122.089620	-2
0	37.766137	-122.253420	19
1	37.610137	-122.105220	-2
1	37.727137	-122.159820	11
5	37.282537	-121.785420	2
0	37.929937	-122.362620	3
4	37.321537	-122.027220	10
5	37.243537	-121.801020	2
3	37.438537	-122.011620	1
4	37.368337	-121.824420	6
3	37.477537	-122.152020	5
2	37.555537	-122.019420	0
2	37.532137	-122.331420	-2
4	37.376137	-122.050620	1
4	37.383937	-121.925820	9
0	37.805137	-122.230020	13
0	37.906537	-122.315820	3
1	37.664737	-122.120820	-2
1	37.656937	-122.448420	4
4	37.391737	-122.027220	1
1	37.641337	-122.074020	-2
3	37.407337	-121.996020	7
3	37.500937	-122.237820	-2
3	37.454137	-121.964820	7
4	37.321537	-121.808820	-2
2	37.610137	-122.027220	0
4	37.337137	-121.933620	12
4	37.352737	-122.089620	1
2	37.539937	-122.035020	0
0	37.781737	-122.448420	21
0	37.789537	-122.464020	21
0	37.797337	-122.323620	15
3	37.422937	-122.003820	7
0	37.945537	-122.386020	3
1	37.742737	-122.417220	-2
1	37.734937	-122.183220	11
1	37.672537	-122.425020	4
3	37.469737	-122.035020	1
0	37.758337	-122.245620	19
2	37.578937	-122.362620	-2
2	37.586737	-122.487420	18
0	37.766137	-122.183220	13
3	37.461937	-122.253420	-2
1	37.727137	-122.214420	-2
1	37.703737	-122.230020	37
0	37.937737	-122.354820	3
1	37.695937	-122.159820	11
3	37.438537	-121.957020	7
5	37.220137	-121.964820	8
3	37.493137	-122.269020	-2
4	37.407337	-122.027220	1
5	37.212337	-121.894620	2
2	37.532137	-122.011620	0
2	37.578937	-122.003820	0
2	37.524337	-122.214420	-2
1	37.625737	-122.035020	-2
0	37.805137	-122.175420	13
0	37.953337	-122.300220	3
3	37.430737	-121.988220	7
5	37.290337	-122.042820	10
1	37.649137	-122.456220	4
0	37.961137	-122.331420	3
1	37.695937	-122.081820	-2
5	37.251337	-122.042820	8
3	37.422937	-122.097420	1
3	37.500937	-122.058420	-2
3	37.454137	-121.910220	9
4	37.305937	-121.793220	2
2	37.539937	-121.949220	0
0	37.844137	-122.245620	17
0	37.789537	-122.409420	24
0	37.797337	-122.471820	21
0	37.992337	-122.308020	3
0	37.890937	-122.261220	16
1	37.742737	-122.471820	14
1	37.734937	-122.378220	-2
5	37.235737	-121.894620	2
5	37.305937	-121.910220	6
0	37.758337	-122.440620	23
4	37.391737	-121.910220	9
4	37.399537	-122.128620	1
4	37.360537	-122.019420	10
2	37.586737	-122.432820	18
4	37.352737	-122.019420	10
0	37.766137	-122.393820	24
1	37.617937	-122.105220	-2
0	37.781737	-122.269020	19
5	37.298137	-121.894620	6
1	37.711537	-122.175420	11
2	37.508737	-122.245620	-2
1	37.750537	-122.175420	11
1	37.680337	-122.495220	4
5	37.220137	-121.910220	8
5	37.212337	-121.972620	8
3	37.493137	-122.198820	-2
4	37.407337	-121.957020	7
2	37.594537	-122.401620	-2
2	37.602337	-122.105220	-2
4	37.368337	-122.097420	1
2	37.516537	-122.315820	-2
3	37.422937	-121.972620	7
0	37.953337	-122.354820	3
0	37.898737	-122.300220	3
1	37.727137	-122.409420	-2
5	37.282537	-122.035020	10
0	37.922137	-122.300220	3
1	37.649137	-122.136420	-2
1	37.641337	-122.401620	4
0	37.929937	-122.370420	3
3	37.438537	-122.261220	-2
4	37.337137	-121.793220	-2
2	37.516537	-121.957020	0
4	37.313737	-121.933620	12
0	37.797337	-122.401620	24
0	37.812937	-122.308020	15
5	37.266937	-121.980420	8
5	37.227937	-121.886820	2
3	37.415137	-122.042820	1
3	37.446337	-122.230020	5
4	37.399537	-121.918020	9
4	37.305937	-121.941420	12
4	37.329337	-121.886820	6
4	37.352737	-121.840020	6
0	37.781737	-122.198820	13
1	37.711537	-122.230020	-2
2	37.508737	-122.066220	0
1	37.750537	-122.214420	11
1	37.680337	-122.175420	11
3	37.415137	-122.120820	1
3	37.477537	-122.003820	-2
3	37.469737	-122.284620	-2
2	37.602337	-122.425020	-2
4	37.313737	-122.019420	10
4	37.321537	-121.957020	12
4	37.344937	-121.902420	6
0	37.820737	-122.253420	17
0	37.961137	-122.347020	3
0	37.968937	-122.284620	3
1	37.727137	-122.464020	14
1	37.719337	-122.417220	-2
1	37.695937	-122.409420	4
3	37.446337	-122.019420	1
3	37.438537	-122.206620	5
3	37.477537	-122.144220	5
3	37.493137	-122.019420	-2
2	37.602337	-122.066220	-2
0	37.836337	-122.214420	17
4	37.376137	-121.980420	7
0	37.859737	-122.230020	16
4	37.368337	-122.058420	1
5	37.290337	-121.793220	2
1	37.656937	-122.393820	4
5	37.227937	-121.785420	2
3	37.407337	-122.066220	1
5	37.251337	-121.793220	2
3	37.500937	-122.308020	-2
4	37.305937	-122.042820	10
2	37.586737	-122.074020	-2
2	37.563337	-122.120820	-2
4	37.329337	-122.035020	10
4	37.337137	-121.879020	6
2	37.555537	-122.323620	-2
2	37.532137	-122.222220	-2
0	37.797337	-122.222220	13
5	37.274737	-121.816620	2
1	37.734937	-122.128620	11
3	37.477537	-121.933620	-2
0	37.750537	-122.409420	23
0	37.758337	-122.191020	13
2	37.594537	-122.042820	0
2	37.578937	-122.417220	-2
4	37.321537	-121.964820	12
2	37.524337	-121.925820	0
2	37.571137	-122.027220	0
4	37.344937	-122.081820	1
0	37.766137	-122.144220	13
5	37.305937	-121.957020	12
0	37.968937	-122.339220	3
0	37.914337	-122.315820	3
1	37.711537	-122.425020	-2
5	37.290337	-121.762020	2
1	37.695937	-122.089620	-2
1	37.688137	-122.417220	4
3	37.438537	-122.027220	1
3	37.454137	-122.245620	-2
3	37.493137	-121.949220	-2
3	37.485337	-121.996020	-2
2	37.578937	-122.058420	0
2	37.524337	-122.284620	-2
0	37.906537	-122.362620	3
1	37.649137	-122.386020	4
1	37.641337	-122.152020	-2
3	37.407337	-121.886820	9
5	37.251337	-121.988220	8
4	37.376137	-121.832220	6
2	37.563337	-122.081820	0
4	37.337137	-122.042820	10
0	37.773937	-122.167620	13
5	37.274737	-121.871220	2
3	37.461937	-121.910220	9
5	37.235737	-122.027220	8
0	37.750537	-122.464020	22
0	37.758337	-122.386020	23
3	37.485337	-122.300220	-2
2	37.516537	-122.074020	0
2	37.586737	-122.378220	-2
2	37.524337	-121.996020	0
2	37.547737	-122.035020	0
1	37.610137	-122.440620	4
5	37.298137	-121.902420	6
0	37.984537	-122.331420	3
1	37.711537	-122.479620	14
1	37.703737	-122.432820	4
2	37.508737	-122.315820	-2
4	37.329337	-121.832220	6
1	37.680337	-122.425020	4
3	37.454137	-122.191020	5
3	37.485337	-121.941420	-2
4	37.407337	-122.011620	7
2	37.594537	-122.487420	18
4	37.313737	-121.769820	-2
2	37.516537	-122.245620	-2
0	37.851937	-122.261220	16
4	37.337137	-121.972620	12
1	37.633537	-122.425020	4
1	37.625737	-122.113020	-2
5	37.290337	-121.996020	10
1	37.719337	-122.167620	11
2	37.500937	-122.269020	-2
5	37.251337	-121.902420	2
3	37.461937	-121.988220	7
4	37.360537	-122.105220	1
2	37.539937	-122.308020	-2
0	37.789537	-122.300220	19
0	37.812937	-122.237820	17
5	37.266937	-121.925820	12
0	37.890937	-122.276820	16
1	37.742737	-122.206620	11
5	37.282537	-121.863420	2
1	37.672537	-122.136420	-2
1	37.656937	-122.144220	-2
3	37.430737	-122.152020	5
4	37.399537	-121.988220	7
2	37.563337	-122.370420	-2
4	37.329337	-121.785420	-2
4	37.352737	-121.910220	9
0	37.766137	-122.409420	23
5	37.298137	-121.972620	12
0	37.929937	-122.331420	3
2	37.508737	-121.918020	0
5	37.259137	-121.957020	8
1	37.680337	-122.105220	-2
3	37.469737	-122.230020	-2
2	37.602337	-122.464020	18
4	37.313737	-122.074020	10
3	37.430737	-122.089620	1
4	37.344937	-121.832220	6
1	37.625737	-122.401620	27
1	37.719337	-122.237820	-2
0	37.922137	-122.378220	3
4	37.391737	-122.011620	7
1	37.688137	-122.167620	11
5	37.243537	-121.910220	8
3	37.446337	-122.074020	1
4	37.368337	-121.816620	6
4	37.368337	-121.980420	7
0	37.836337	-122.284620	20
4	37.376137	-121.910220	9
0	37.789537	-122.183220	13
0	37.805137	-122.339220	15
3	37.422937	-121.957020	7
3	37.415137	-121.902420	9
3	37.407337	-122.136420	5
3	37.446337	-122.089620	1
4	37.352737	-121.972620	7
4	37.305937	-121.863420	6
2	37.586737	-122.019420	0
2	37.563337	-122.331420	-2
2	37.571137	-122.393820	-2
2	37.555537	-122.269020	-2
0	37.828537	-122.237820	17
0	37.773937	-122.417220	23
0	37.773937	-122.503020	21
5	37.298137	-121.793220	2
0	38.000137	-122.315820	3
2	37.508737	-121.988220	0
5	37.235737	-121.777620	2
3	37.469737	-122.175420	5
0	37.758337	-122.136420	29
4	37.407337	-122.120820	1
4	37.352737	-122.074020	1
2	37.578937	-122.471820	18
2	37.586737	-122.128620	-2
2	37.571137	-121.972620	0
0	37.867537	-122.245620	16
4	37.344937	-122.011620	10
1	37.633537	-122.128620	-2
1	37.617937	-122.409420	27
5	37.305937	-121.762020	2
5	37.282537	-121.808820	2
0	37.929937	-122.386020	3
5	37.305937	-121.964820	12
3	37.438537	-121.972620	7
5	37.220137	-121.824420	2
4	37.368337	-121.996020	7
5	37.212337	-121.871220	2
2	37.555537	-122.042820	0
2	37.532137	-122.089620	0
4	37.376137	-122.089620	1
2	37.524337	-122.105220	0
0	37.805137	-122.284620	15
4	37.383937	-122.089620	1
3	37.430737	-122.058420	1
0	37.906537	-122.292420	3
1	37.664737	-122.097420	-2
1	37.641337	-122.097420	-2
3	37.407337	-121.957020	7
3	37.500937	-121.949220	-2
2	37.563337	-122.011620	0
4	37.337137	-121.988220	10
2	37.539937	-122.058420	0
0	37.781737	-122.425020	25
5	37.274737	-121.925820	12
0	37.945537	-122.347020	3
1	37.742737	-122.456220	14
1	37.672537	-122.386020	4
5	37.235737	-121.972620	8
0	37.750537	-122.393820	23
3	37.485337	-122.214420	-2
4	37.368337	-121.988220	7
2	37.524337	-122.066220	0
2	37.547737	-121.964820	0
1	37.719337	-122.464020	14
0	37.766137	-122.159820	13
0	37.961137	-122.308020	3
0	37.937737	-122.393820	3
3	37.438537	-121.918020	9
5	37.305937	-121.785420	2
3	37.493137	-122.276820	-2
4	37.391737	-122.120820	1
4	37.407337	-122.066220	1
2	37.532137	-122.050620	0
4	37.313737	-121.824420	-2
0	37.805137	-122.198820	13
1	37.633537	-122.479620	4
0	37.820737	-122.284620	15
2	37.500937	-122.323620	-2
5	37.204537	-121.871220	2
1	37.703737	-122.159820	11
3	37.422937	-122.120820	1
3	37.500937	-122.019420	-2
2	37.547737	-122.315820	-2
2	37.555537	-122.347020	-2
2	37.539937	-122.253420	-2
0	37.844137	-122.222220	17
0	37.789537	-122.432820	25
5	37.274737	-121.980420	8
5	37.266937	-121.871220	2
5	37.235737	-121.918020	8
2	37.524337	-122.339220	-2
0	37.758337	-122.401620	23
3	37.485337	-122.159820	5
4	37.399537	-122.027220	1
2	37.547737	-121.957020	0
5	37.305937	-122.050620	10
0	37.883137	-122.292420	20
1	37.617937	-122.144220	-2
0	37.781737	-122.308020	19
5	37.298137	-122.042820	10
2	37.508737	-122.237820	-2
1	37.750537	-122.198820	11
5	37.259137	-121.886820	2
5	37.220137	-121.933620	8
4	37.407337	-121.871220	9
2	37.594537	-122.440620	18
4	37.360537	-121.886820	6
4	37.313737	-121.879020	6
2	37.516537	-122.105220	0
1	37.625737	-122.471820	4
0	37.922137	-122.308020	3
1	37.649137	-122.113020	-2
1	37.641337	-122.487420	4
1	37.688137	-122.113020	-2
4	37.368337	-121.964820	7
3	37.438537	-122.222220	5
3	37.477537	-122.253420	-2
2	37.532137	-122.339220	-2
4	37.376137	-121.840020	6
0	37.797337	-122.440620	25
4	37.383937	-122.011620	7
5	37.227937	-121.925820	8
3	37.415137	-122.019420	1
3	37.446337	-122.269020	-2
4	37.399537	-121.847820	6
3	37.500937	-122.198820	-2
4	37.305937	-121.902420	6
2	37.563337	-122.261220	-2
4	37.329337	-121.925820	12
0	37.828537	-122.292420	20
0	37.781737	-122.175420	13
2	37.532137	-122.230020	-2
0	37.976737	-122.292420	3
5	37.290337	-121.933620	12
2	37.508737	-122.027220	0
1	37.750537	-122.269020	-2
3	37.415137	-122.097420	1
3	37.477537	-121.980420	-2
3	37.430737	-122.003820	7
2	37.602337	-122.448420	18
4	37.368337	-121.879020	6
4	37.321537	-121.855620	6
4	37.344937	-121.941420	9
1	37.625737	-122.386020	-2
1	37.617937	-122.464020	4
1	37.610137	-122.136420	-2
1	37.727137	-122.191020	11
5	37.290337	-121.738620	2
1	37.695937	-122.479620	4
5	37.243537	-121.832220	2
3	37.446337	-121.933620	7
3	37.438537	-122.167620	5
5	37.220137	-121.769820	2
3	37.477537	-122.183220	5
3	37.493137	-122.027220	-2
5	37.220137	-121.832220	2
5	37.305937	-122.042820	10
2	37.555537	-121.988220	0
2	37.532137	-122.300220	-2
0	37.836337	-122.206620	17
4	37.376137	-122.081820	1
4	37.383937	-121.894620	9
0	37.859737	-122.269020	16
5	37.290337	-121.832220	2
3	37.407337	-121.964820	7
3	37.500937	-122.269020	-2
3	37.454137	-121.996020	7
4	37.305937	-121.972620	12
2	37.586737	-122.035020	0
2	37.563337	-122.097420	0
2	37.610137	-122.058420	-2
4	37.337137	-121.902420	6
2	37.555537	-122.097420	0
2	37.539937	-122.003820	0
0	37.773937	-122.276820	19
5	37.298137	-121.746420	2
0	37.797337	-122.292420	15
0	37.945537	-122.417220	3
1	37.688137	-122.081820	-2
1	37.672537	-122.456220	4
1	37.633537	-122.081820	-2
0	37.758337	-122.152020	29
2	37.516537	-122.050620	0
2	37.594537	-122.081820	-2
2	37.578937	-122.456220	18
1	37.617937	-122.393820	-2
5	37.305937	-121.871220	6
1	37.727137	-122.245620	-2
0	37.937737	-122.323620	3
1	37.695937	-122.128620	11
1	37.688137	-122.471820	4
3	37.461937	-122.035020	1
3	37.454137	-122.237820	-2
3	37.493137	-122.237820	-2
3	37.485337	-122.050620	-2
2	37.532137	-121.980420	0
2	37.524337	-122.245620	-2
0	37.953337	-122.331420	3
5	37.290337	-121.886820	6
1	37.695937	-122.050620	-2
3	37.461937	-121.996020	7
3	37.461937	-122.284620	-2
3	37.454137	-121.941420	7
4	37.305937	-121.824420	2
2	37.563337	-122.027220	0
4	37.329337	-122.003820	10
0	37.844137	-122.276820	20
0	37.797337	-122.191020	13
0	37.992337	-122.276820	3
1	37.680337	-122.074020	-2
5	37.235737	-121.863420	2
0	37.750537	-122.503020	22
4	37.391737	-122.003820	7
4	37.399537	-122.097420	1
2	37.586737	-122.339220	-2
2	37.571137	-122.308020	-2
4	37.352737	-122.050620	1
1	37.610137	-122.401620	27
5	37.298137	-121.863420	6
5	37.290337	-121.941420	12
1	37.711537	-122.206620	-2
1	37.703737	-122.393820	4
2	37.508737	-122.276820	-2
5	37.259137	-121.972620	8
1	37.680337	-122.464020	4
5	37.220137	-121.879020	2
3	37.454137	-122.152020	5
3	37.493137	-122.167620	5
4	37.407337	-121.925820	9
2	37.610137	-122.089620	-2
2	37.594537	-122.495220	18
4	37.368337	-122.128620	1
2	37.516537	-122.284620	-2
0	37.875337	-122.253420	16
1	37.633537	-122.432820	4
1	37.625737	-122.136420	-2
0	37.953337	-122.386020	3
1	37.727137	-122.440620	-2
5	37.282537	-121.879020	2
2	37.500937	-122.214420	-2
2	37.547737	-122.113020	0
2	37.539937	-122.113020	0
2	37.516537	-121.925820	0
3	37.430737	-122.214420	5
0	37.789537	-122.323620	19
0	37.812937	-122.276820	15
5	37.266937	-122.011620	8
3	37.422937	-121.918020	9
1	37.734937	-122.479620	14
1	37.672537	-122.097420	-2
1	37.656937	-122.105220	-2
5	37.227937	-121.855620	2
3	37.415137	-122.074020	1
4	37.399537	-122.011620	7
4	37.352737	-121.996020	10
4	37.321537	-121.793220	-2
2	37.563337	-122.347020	-2
4	37.329337	-121.855620	6
4	37.352737	-121.871220	6
3	37.430737	-121.894620	9
5	37.298137	-121.996020	10
5	37.259137	-121.902420	12
1	37.680337	-122.144220	-2
3	37.415137	-122.152020	5
3	37.469737	-122.253420	-2
4	37.368337	-122.074020	1
3	37.461937	-122.230020	-2
4	37.360537	-121.902420	9
4	37.313737	-122.050620	10
4	37.321537	-121.925820	12
1	37.625737	-122.074020	-2
4	37.344937	-121.871220	6
1	37.625737	-122.456220	4
0	37.961137	-122.378220	3
0	37.968937	-122.315820	3
1	37.727137	-122.495220	14
1	37.719337	-122.448420	14
1	37.703737	-122.074020	-2
5	37.305937	-122.003820	10
3	37.446337	-121.988220	7
3	37.438537	-122.113020	1
3	37.477537	-122.300220	-2
3	37.493137	-121.988220	-2
5	37.259137	-122.027220	8
2	37.602337	-122.035020	0
0	37.836337	-122.245620	17
4	37.376137	-122.011620	7
0	37.812937	-122.206620	13
4	37.383937	-122.113020	1
3	37.430737	-122.035020	1
1	37.664737	-122.487420	4
5	37.305937	-121.840020	2
0	37.750537	-122.448420	22
3	37.407337	-122.035020	1
5	37.251337	-121.824420	2
3	37.446337	-122.128620	5
3	37.500937	-122.089620	-2
2	37.563337	-122.276820	-2
2	37.571137	-122.354820	-2
4	37.337137	-121.847820	6
2	37.555537	-122.292420	-2
0	37.773937	-122.222220	13
5	37.298137	-121.816620	2
1	37.649137	-122.066220	-2
2	37.508737	-122.206620	-2
3	37.469737	-122.198820	-2
3	37.422937	-122.081820	1
3	37.422937	-122.035020	1
4	37.360537	-121.941420	9
2	37.594537	-122.136420	-2
4	37.368337	-121.925820	-2
2	37.586737	-122.089620	-2
2	37.524337	-121.957020	0
2	37.571137	-122.058420	0
4	37.344937	-122.050620	1
4	37.352737	-121.801020	6
1	37.617937	-122.448420	4
0	37.968937	-122.370420	3
0	37.914337	-122.284620	3
1	37.711537	-122.456220	14
1	37.703737	-122.144220	11
3	37.438537	-122.058420	1
5	37.305937	-121.824420	2
3	37.493137	-121.918020	-2
3	37.485337	-121.964820	-2
4	37.391737	-122.097420	1
2	37.532137	-121.933620	0
2	37.555537	-122.066220	0
2	37.578937	-122.027220	0
2	37.524337	-122.315820	-2
0	37.805137	-122.308020	15
1	37.625737	-122.417220	4
5	37.290337	-121.910220	12
1	37.656937	-122.464020	4
1	37.641337	-122.120820	-2
3	37.407337	-121.855620	9
5	37.251337	-122.019420	8
3	37.461937	-122.214420	-2
2	37.563337	-121.988220	0
2	37.547737	-122.362620	-2
0	37.773937	-122.198820	13
5	37.274737	-121.840020	2
1	37.734937	-122.230020	28
5	37.235737	-121.996020	8
3	37.430737	-122.198820	5
3	37.422937	-121.871220	9
3	37.485337	-122.269020	-2
2	37.578937	-122.315820	-2
2	37.524337	-122.027220	0
2	37.547737	-122.066220	0
1	37.625737	-122.066220	-2
0	37.961137	-122.300220	3
0	37.976737	-122.362620	3
0	37.984537	-122.300220	3
1	37.703737	-122.401620	4
2	37.508737	-122.097420	0
1	37.680337	-122.393820	4
4	37.383937	-122.058420	1
3	37.493137	-122.315820	-2
4	37.391737	-122.105220	1
4	37.407337	-121.980420	7
2	37.532137	-122.058420	0
4	37.313737	-121.801020	-2
2	37.516537	-122.214420	-2
0	37.851937	-122.230020	16
0	37.875337	-122.308020	20
5	37.290337	-121.964820	12
1	37.719337	-122.198820	-2
1	37.719337	-122.175420	11
1	37.649137	-122.471820	4
5	37.251337	-121.933620	8
5	37.243537	-122.011620	8
4	37.383937	-121.972620	7
3	37.500937	-121.980420	-2
2	37.547737	-122.292420	-2
2	37.555537	-122.370420	-2
2	37.539937	-122.276820	-2
0	37.789537	-122.269020	15
5	37.274737	-122.019420	10
5	37.266937	-121.957020	8
0	37.890937	-122.308020	3
1	37.742737	-122.175420	11
1	37.734937	-122.425020	-2
1	37.672537	-122.167620	11
5	37.235737	-121.941420	8
5	37.227937	-122.003820	8
0	37.758337	-122.487420	22
3	37.485337	-122.183220	5
4	37.399537	-122.081820	1
4	37.376137	-121.824420	6
2	37.578937	-122.120820	-2
2	37.571137	-122.105220	-2
4	37.337137	-122.097420	1
4	37.352737	-121.941420	9
0	37.766137	-122.440620	23
1	37.617937	-122.058420	-2
0	37.781737	-122.284620	19
0	37.984537	-122.354820	3
1	37.703737	-122.471820	14
2	37.508737	-121.949220	0
1	37.750537	-122.128620	11
5	37.259137	-121.863420	2
2	37.594537	-122.386020	-2
4	37.360537	-121.863420	6
4	37.313737	-121.855620	6
4	37.344937	-121.801020	6
5	37.220137	-121.801020	2
3	37.461937	-122.128620	5
0	37.922137	-122.347020	3
1	37.649137	-122.152020	-2
1	37.688137	-122.136420	11
5	37.243537	-121.941420	8
3	37.446337	-122.042820	1
3	37.477537	-122.230020	-2
4	37.376137	-121.941420	-2
4	37.383937	-121.996020	7
5	37.266937	-122.027220	10
1	37.742737	-122.230020	28
1	37.664737	-122.417220	4
5	37.227937	-121.933620	8
3	37.415137	-121.933620	9
3	37.407337	-122.105220	1
3	37.446337	-122.183220	5
4	37.399537	-121.871220	9
3	37.461937	-121.964820	7
4	37.305937	-121.894620	6
4	37.329337	-121.933620	12
1	37.617937	-122.050620	-2
0	37.828537	-122.269020	17
0	37.773937	-122.448420	21
0	37.781737	-122.464020	21
0	37.976737	-122.315820	3
0	37.992337	-122.347020	3
0	38.000137	-122.284620	3
2	37.508737	-122.019420	0
5	37.259137	-121.793220	2
3	37.461937	-121.957020	7
3	37.469737	-122.144220	5
2	37.516537	-122.027220	0
2	37.602337	-122.378220	-2
4	37.368337	-121.840020	6
4	37.321537	-121.879020	6
2	37.571137	-122.003820	0
4	37.344937	-121.980420	7
1	37.633537	-122.097420	-2
0	37.766137	-122.230020	19
5	37.196737	-121.863420	2
5	37.305937	-121.793220	2
1	37.727137	-122.136420	11
5	37.282537	-121.777620	2
1	37.656937	-122.081820	-2
1	37.703737	-122.152020	11
3	37.438537	-122.003820	7
5	37.220137	-121.793220	2
3	37.477537	-122.159820	5
2	37.555537	-122.011620	0
2	37.602337	-122.019420	0
4	37.376137	-122.120820	1
4	37.383937	-121.918020	9
0	37.805137	-122.253420	15
0	37.906537	-122.323620	3
1	37.664737	-122.128620	-2
1	37.656937	-122.409420	4
1	37.641337	-122.066220	-2
3	37.407337	-121.925820	9
5	37.243537	-121.964820	8
3	37.500937	-122.230020	-2
3	37.454137	-121.988220	7
2	37.610137	-122.035020	-2
4	37.337137	-121.957020	12
2	37.555537	-122.120820	-2
4	37.329337	-122.011620	10
2	37.539937	-122.027220	0
0	37.773937	-122.144220	13
0	37.781737	-122.456220	21
0	38.000137	-122.339220	3
0	37.945537	-122.378220	3
1	37.742737	-122.425020	-2
1	37.734937	-122.175420	11
1	37.672537	-122.417220	4
3	37.469737	-122.027220	1
0	37.758337	-122.237820	19
2	37.578937	-122.370420	-2
2	37.586737	-122.479620	18
2	37.547737	-121.996020	0
0	37.766137	-122.191020	13
5	37.305937	-121.847820	2
1	37.727137	-122.222220	-2
1	37.703737	-122.222220	-2
0	37.937737	-122.362620	3
1	37.688137	-122.495220	4
3	37.438537	-121.949220	7
5	37.220137	-121.988220	8
3	37.493137	-122.245620	-2
4	37.407337	-122.035020	1
2	37.555537	-121.957020	0
2	37.532137	-122.019420	0
2	37.578937	-122.011620	0
0	37.851937	-122.300220	20
0	37.953337	-122.276820	3
5	37.290337	-122.050620	10
1	37.649137	-122.401620	4
1	37.695937	-122.058420	-2
4	37.368337	-121.972620	7
5	37.251337	-121.879020	2
3	37.422937	-122.089620	1
3	37.500937	-122.050620	-2
3	37.454137	-121.902420	9
2	37.539937	-122.222220	-2
0	37.844137	-122.253420	17
0	37.773937	-122.479620	21
0	37.789537	-122.401620	24
0	37.992337	-122.331420	3
3	37.422937	-121.910220	9
0	37.890937	-122.269020	16
1	37.742737	-122.479620	14
5	37.235737	-121.886820	2
0	37.758337	-122.432820	23
4	37.391737	-121.949220	7
4	37.399537	-122.120820	1
2	37.586737	-122.425020	-2
4	37.352737	-122.011620	10
1	37.617937	-122.113020	-2
0	37.781737	-122.214420	13
5	37.298137	-121.886820	6
1	37.711537	-122.120820	11
2	37.508737	-122.269020	-2
1	37.750537	-122.167620	11
5	37.259137	-122.042820	10
5	37.220137	-121.902420	8
5	37.212337	-121.980420	8
3	37.493137	-122.206620	-2
4	37.368337	-122.066220	1
5	37.212337	-121.925820	8
2	37.594537	-122.409420	-2
2	37.602337	-122.128620	-2
4	37.368337	-122.089620	1
2	37.516537	-122.323620	-2
0	37.766137	-122.479620	22
0	37.953337	-122.362620	3
0	37.898737	-122.292420	3
1	37.727137	-122.386020	-2
5	37.282537	-122.027220	10
1	37.649137	-122.144220	-2
1	37.641337	-122.456220	4
5	37.243537	-121.871220	2
3	37.438537	-122.253420	5
0	37.945537	-122.315820	3
4	37.368337	-121.949220	9
4	37.337137	-121.816620	6
4	37.376137	-121.871220	6
0	37.797337	-122.409420	31
0	37.812937	-122.315820	15
5	37.266937	-121.972620	8
3	37.430737	-122.042820	1
5	37.227937	-121.894620	2
3	37.415137	-122.050620	1
3	37.446337	-122.237820	-2
4	37.399537	-121.941420	9
4	37.360537	-121.988220	7
4	37.305937	-121.933620	12
4	37.313737	-121.980420	12
4	37.329337	-121.894620	6
0	37.773937	-122.393820	24
0	37.781737	-122.206620	13
1	37.711537	-122.237820	-2
2	37.508737	-122.058420	0
1	37.750537	-122.237820	40
3	37.415137	-122.128620	5
3	37.477537	-122.011620	-2
3	37.469737	-122.276820	-2
4	37.360537	-121.949220	9
2	37.602337	-122.417220	-2
4	37.313737	-121.964820	12
4	37.321537	-121.949220	12
0	37.867537	-122.284620	20
4	37.344937	-121.910220	6
0	37.820737	-122.245620	17
0	37.961137	-122.339220	3
0	37.968937	-122.292420	3
1	37.727137	-122.471820	14
1	37.719337	-122.378220	-2
1	37.695937	-122.448420	4
0	37.929937	-122.401620	3
5	37.305937	-122.066220	10
3	37.446337	-121.902420	9
3	37.438537	-122.198820	5
3	37.493137	-121.996020	-2
4	37.360537	-121.816620	6
2	37.602337	-122.058420	-2
0	37.836337	-122.237820	17
4	37.376137	-121.988220	7
2	37.524337	-122.206620	-2
0	37.859737	-122.237820	16
5	37.290337	-121.801020	2
1	37.656937	-122.386020	4
5	37.227937	-121.824420	2
3	37.407337	-122.058420	1
5	37.282537	-121.762020	2
3	37.500937	-122.300220	-2
4	37.305937	-122.003820	10
2	37.586737	-122.066220	0
2	37.563337	-122.128620	-2
4	37.329337	-122.074020	1
4	37.337137	-121.871220	6
2	37.555537	-122.315820	-2
2	37.539937	-121.972620	0
0	37.797337	-122.261220	15
5	37.282537	-121.996020	8
1	37.688137	-122.050620	-2
1	37.734937	-122.120820	11
1	37.672537	-122.487420	4
3	37.477537	-121.941420	-2
0	37.750537	-122.417220	23
0	37.758337	-122.183220	13
2	37.594537	-122.050620	0
2	37.578937	-122.425020	18
4	37.321537	-122.019420	10
4	37.383937	-122.136420	1
2	37.571137	-122.050620	0
4	37.344937	-122.089620	1
1	37.610137	-122.487420	26
0	37.968937	-122.347020	3
0	37.914337	-122.308020	3
1	37.711537	-122.370420	-2
1	37.695937	-122.097420	-2
1	37.688137	-122.440620	4
4	37.352737	-122.066220	1
3	37.438537	-121.894620	9
3	37.454137	-122.269020	-2
3	37.493137	-121.957020	-2
3	37.485337	-122.019420	-2
2	37.532137	-122.198820	-2
2	37.578937	-122.066220	0
2	37.524337	-122.276820	-2
5	37.290337	-121.855620	2
0	37.914337	-122.339220	3
1	37.649137	-122.393820	4
3	37.407337	-121.879020	9
5	37.251337	-121.980420	8
3	37.422937	-122.159820	5
4	37.383937	-121.933620	9
2	37.500937	-122.300220	-2
2	37.563337	-122.058420	0
4	37.337137	-122.066220	1
2	37.516537	-121.964820	0
2	37.532137	-122.253420	-2
5	37.274737	-121.879020	2
0	37.750537	-122.471820	22
3	37.485337	-122.292420	-2
4	37.383937	-121.847820	6
5	37.282537	-121.840020	2
2	37.586737	-122.370420	-2
2	37.524337	-121.988220	0
2	37.547737	-122.042820	0
0	37.883137	-122.269020	16
1	37.610137	-122.432820	27
5	37.298137	-121.957020	12
0	37.984537	-122.308020	3
1	37.711537	-122.487420	14
5	37.290337	-121.918020	12
2	37.508737	-122.308020	-2
5	37.282537	-121.769820	2
1	37.680337	-122.432820	4
5	37.220137	-121.847820	2
3	37.454137	-122.183220	5
3	37.493137	-122.136420	5
3	37.485337	-121.933620	-2
4	37.407337	-122.019420	1
2	37.610137	-122.120820	-2
2	37.594537	-122.464020	18
2	37.516537	-122.253420	-2
0	37.851937	-122.253420	16
1	37.633537	-122.401620	-2
1	37.625737	-122.105220	-2
0	37.953337	-122.417220	3
5	37.290337	-122.003820	10
1	37.719337	-122.128620	11
2	37.500937	-122.245620	-2
5	37.251337	-121.925820	8
5	37.243537	-121.988220	8
5	37.227937	-121.808820	2
4	37.360537	-122.113020	1
2	37.539937	-122.331420	-2
0	37.789537	-122.292420	19
1	37.633537	-122.074020	-2
5	37.266937	-121.918020	12
0	37.890937	-122.284620	16
1	37.672537	-122.128620	-2
1	37.656937	-122.136420	-2
4	37.399537	-121.980420	7
2	37.563337	-122.378220	-2
4	37.329337	-121.824420	6
4	37.352737	-121.902420	6
5	37.298137	-121.964820	12
0	37.929937	-122.323620	3
5	37.259137	-121.933620	8
1	37.680337	-122.113020	-2
3	37.469737	-122.222220	-2
2	37.516537	-122.003820	0
2	37.602337	-122.487420	18
2	37.516537	-122.183220	33
4	37.344937	-121.840020	6
1	37.625737	-122.425020	4
5	37.196737	-121.871220	2
1	37.719337	-122.230020	-2
5	37.243537	-121.918020	8
3	37.446337	-122.081820	1
3	37.438537	-122.144220	5
5	37.282537	-121.847820	2
5	37.274737	-122.042820	10
5	37.243537	-121.996020	8
0	37.836337	-122.276820	20
4	37.376137	-121.918020	9
0	37.859737	-122.292420	20
5	37.282537	-121.746420	2
3	37.415137	-121.910220	9
3	37.407337	-122.128620	1
3	37.446337	-122.097420	1
5	37.274737	-121.941420	12
4	37.305937	-121.855620	6
2	37.586737	-122.011620	0
2	37.563337	-122.308020	-2
2	37.571137	-122.386020	-2
5	37.290337	-121.754220	2
2	37.555537	-122.261220	-2
0	37.828537	-122.214420	17
0	37.773937	-122.253420	19
5	37.298137	-121.785420	2
0	38.000137	-122.323620	3
2	37.508737	-121.980420	0
5	37.235737	-121.832220	2
3	37.469737	-122.167620	5
3	37.422937	-122.050620	1
4	37.407337	-122.128620	1
2	37.594537	-122.105220	-2
2	37.578937	-122.479620	18
2	37.586737	-122.120820	-2
3	37.469737	-121.941420	7
2	37.571137	-121.964820	0
0	37.867537	-122.269020	16
4	37.344937	-122.019420	10
4	37.352737	-121.832220	6
1	37.617937	-122.417220	27
5	37.305937	-121.769820	2
5	37.196737	-121.847820	2
5	37.282537	-121.832220	2
1	37.703737	-122.113020	11
3	37.438537	-121.964820	7
5	37.243537	-121.980420	8
2	37.555537	-122.035020	0
2	37.532137	-122.097420	0
4	37.376137	-122.097420	1
2	37.524337	-122.097420	0
0	37.805137	-122.276820	15
5	37.266937	-121.808820	2
0	37.906537	-122.300220	3
4	37.391737	-122.035020	1
1	37.641337	-122.089620	-2
3	37.407337	-121.949220	7
3	37.500937	-121.941420	-2
2	37.563337	-122.019420	0
4	37.337137	-121.980420	10
2	37.539937	-122.081820	0
0	37.773937	-122.471820	21
5	37.274737	-121.933620	12
3	37.422937	-121.996020	7
0	37.945537	-122.339220	3
5	37.235737	-121.964820	8
5	37.282537	-121.949220	12
3	37.430737	-122.167620	5
3	37.485337	-122.237820	-2
4	37.321537	-121.816620	-2
2	37.594537	-122.003820	0
2	37.524337	-122.058420	0
3	37.477537	-122.042820	-2
2	37.547737	-121.972620	0
5	37.282537	-121.754220	2
0	37.766137	-122.510820	22
1	37.610137	-122.378220	-2
0	37.929937	-122.300220	3
0	37.937737	-122.401620	3
4	37.313737	-121.996020	10
3	37.438537	-121.910220	9
3	37.454137	-122.128620	5
3	37.493137	-122.284620	-2
4	37.407337	-122.074020	1
5	37.212337	-121.902420	8
2	37.532137	-122.027220	0
4	37.313737	-121.832220	-2
0	37.875337	-122.276820	16
1	37.633537	-122.487420	26
3	37.430737	-121.964820	7
2	37.500937	-122.331420	-2
1	37.610137	-122.370420	-2
5	37.204537	-121.863420	2
5	37.251337	-121.840020	2
3	37.422937	-122.144220	5
3	37.500937	-122.011620	-2
4	37.360537	-122.035020	1
4	37.368337	-121.941420	-2
2	37.547737	-122.323620	-2
2	37.555537	-122.339220	-2
2	37.539937	-122.245620	-2
0	37.844137	-122.230020	17
0	37.789537	-122.237820	13
0	37.820737	-122.230020	17
5	37.274737	-121.988220	8
5	37.266937	-121.863420	2
1	37.734937	-122.456220	14
5	37.235737	-121.910220	8
5	37.227937	-121.972620	8
5	37.305937	-121.918020	12
3	37.485337	-122.152020	5
4	37.399537	-122.050620	1
4	37.360537	-121.996020	7
2	37.578937	-122.089620	-2
2	37.571137	-122.136420	-2
0	37.883137	-122.284620	16
1	37.617937	-122.027220	-2
0	37.781737	-122.315820	19
5	37.298137	-122.035020	10
2	37.508737	-122.230020	-2
5	37.259137	-121.894620	2
5	37.220137	-121.957020	8
4	37.407337	-121.879020	9
4	37.360537	-121.894620	6
4	37.313737	-121.886820	6
4	37.383937	-121.832220	6
1	37.625737	-122.464020	4
0	37.922137	-122.315820	3
1	37.641337	-122.479620	4
1	37.688137	-122.105220	-2
0	37.929937	-122.393820	3
5	37.243537	-121.847820	2
3	37.438537	-122.214420	5
3	37.477537	-122.261220	-2
4	37.360537	-121.824420	6
2	37.532137	-122.347020	-2
4	37.376137	-121.847820	6
4	37.313737	-121.941420	12
1	37.664737	-122.448420	4
5	37.227937	-121.902420	2
3	37.415137	-121.964820	7
5	37.282537	-121.925820	12
3	37.446337	-122.152020	5
3	37.500937	-122.191020	-2
4	37.305937	-121.925820	12
2	37.563337	-122.269020	-2
4	37.329337	-121.902420	6
3	37.461937	-121.918020	9
0	37.781737	-122.495220	21
0	37.976737	-122.284620	3
5	37.282537	-121.988220	8
2	37.508737	-122.050620	0
1	37.750537	-122.261220	-2
5	37.259137	-121.824420	2
3	37.415137	-122.105220	1
3	37.477537	-121.988220	-2
3	37.430737	-121.918020	9
4	37.360537	-122.074020	1
4	37.368337	-121.871220	6
4	37.321537	-121.847820	6
0	37.820737	-122.237820	17
0	37.867537	-122.308020	20
4	37.344937	-121.949220	9
0	37.766137	-122.261220	19
1	37.617937	-122.471820	26
1	37.610137	-122.128620	-2
1	37.727137	-122.167620	11
1	37.695937	-122.487420	4
5	37.243537	-121.777620	2
3	37.446337	-121.941420	7
3	37.438537	-122.159820	5
5	37.220137	-121.762020	2
3	37.477537	-122.191020	5
3	37.493137	-122.035020	-2
2	37.555537	-121.980420	0
2	37.532137	-122.276820	-2
2	37.539937	-122.354820	-2
4	37.376137	-122.027220	1
4	37.383937	-121.886820	9
0	37.859737	-122.245620	16
0	37.805137	-122.222220	13
5	37.313737	-121.762020	2
5	37.290337	-121.808820	2
1	37.656937	-122.440620	4
3	37.407337	-122.019420	1
3	37.500937	-122.261220	-2
3	37.454137	-122.019420	1
4	37.305937	-121.964820	12
2	37.586737	-122.027220	0
2	37.610137	-122.066220	-2
4	37.337137	-121.925820	9
2	37.555537	-122.089620	0
4	37.352737	-122.113020	1
2	37.539937	-121.996020	0
2	37.532137	-122.261220	-2
0	37.797337	-122.300220	15
0	37.945537	-122.409420	3
1	37.688137	-122.074020	-2
1	37.734937	-122.206620	-2
1	37.672537	-122.448420	4
3	37.477537	-121.918020	9
0	37.750537	-122.456220	22
0	37.758337	-122.269020	30
5	37.282537	-121.738620	2
2	37.594537	-122.058420	-2
2	37.578937	-122.339220	-2
5	37.305937	-121.879020	6
3	37.461937	-122.183220	5
5	37.290337	-121.769820	2
0	37.937737	-122.331420	3
1	37.695937	-122.167620	11
1	37.688137	-122.464020	4
3	37.454137	-122.230020	-2
3	37.493137	-122.214420	-2
3	37.485337	-122.042820	-2
2	37.532137	-121.988220	0
2	37.524337	-122.237820	-2
0	37.953337	-122.308020	3
5	37.290337	-121.894620	6
1	37.649137	-122.432820	4
5	37.251337	-122.035020	8
3	37.422937	-122.183220	5
3	37.500937	-122.081820	-2
3	37.454137	-121.933620	7
4	37.305937	-121.785420	2
2	37.563337	-122.035020	0
2	37.547737	-122.253420	-2
2	37.539937	-121.941420	0
0	37.844137	-122.284620	20
0	37.797337	-122.479620	21
0	37.992337	-122.300220	3
1	37.680337	-122.081820	-2
3	37.461937	-122.261220	-2
5	37.235737	-121.855620	2
0	37.750537	-122.510820	22
4	37.391737	-121.918020	9
4	37.399537	-122.089620	1
2	37.516537	-122.081820	0
2	37.586737	-122.456220	18
2	37.571137	-122.331420	-2
4	37.352737	-122.042820	1
0	37.781737	-122.245620	15
5	37.298137	-121.855620	2
1	37.711537	-122.152020	11
2	37.508737	-122.300220	-2
1	37.680337	-122.471820	4
5	37.220137	-121.871220	2
3	37.454137	-122.175420	5
3	37.493137	-122.175420	5
4	37.407337	-121.933620	9
2	37.610137	-122.097420	-2
2	37.594537	-122.503020	18
2	37.602337	-122.097420	-2
4	37.368337	-122.120820	1
2	37.516537	-122.292420	-2
0	37.875337	-122.261220	16
1	37.633537	-122.440620	4
0	37.820737	-122.206620	13
0	37.953337	-122.393820	3
1	37.727137	-122.417220	-2
5	37.282537	-121.871220	2
2	37.500937	-122.222220	-2
1	37.641337	-122.425020	4
4	37.337137	-122.003820	10
5	37.243537	-122.027220	8
0	37.914337	-122.292420	3
4	37.337137	-121.785420	-2
2	37.539937	-122.105220	0
2	37.516537	-121.933620	0
0	37.789537	-122.315820	19
0	37.812937	-122.284620	15
5	37.266937	-122.003820	8
1	37.742737	-122.128620	11
1	37.734937	-122.471820	14
1	37.672537	-122.089620	-2
5	37.227937	-121.863420	2
3	37.415137	-122.081820	1
4	37.399537	-121.910220	9
5	37.274737	-121.918020	12
4	37.329337	-121.863420	6
4	37.352737	-121.863420	6
4	37.391737	-121.840020	6
5	37.259137	-121.910220	12
1	37.680337	-122.152020	11
3	37.415137	-122.159820	5
3	37.469737	-122.245620	-2
4	37.360537	-121.910220	9
1	37.664737	-122.074020	-2
4	37.321537	-121.918020	6
3	37.430737	-122.097420	1
4	37.344937	-121.879020	6
0	37.820737	-122.276820	15
0	37.961137	-122.370420	3
0	37.968937	-122.323620	3
1	37.727137	-122.503020	14
1	37.719337	-122.409420	-2
1	37.703737	-122.066220	-2
1	37.695937	-122.417220	4
3	37.446337	-121.996020	7
3	37.438537	-122.105220	1
3	37.493137	-121.964820	-2
2	37.602337	-122.027220	0
0	37.836337	-122.269020	17
4	37.376137	-122.019420	7
3	37.430737	-122.245620	5
4	37.383937	-122.027220	1
3	37.422937	-121.949220	7
1	37.664737	-122.464020	4
4	37.391737	-122.042820	1
3	37.415137	-121.886820	9
3	37.407337	-122.027220	1
5	37.251337	-121.785420	2
3	37.446337	-122.136420	5
3	37.500937	-122.331420	-2
4	37.352737	-121.964820	7
4	37.305937	-122.035020	10
4	37.321537	-121.824420	-2
2	37.563337	-122.284620	-2
4	37.329337	-122.042820	10
4	37.337137	-121.840020	6
2	37.555537	-122.284620	-2
0	37.773937	-122.214420	13
0	37.773937	-122.495220	21
5	37.298137	-121.808820	2
0	37.797337	-122.230020	13
3	37.422937	-121.988220	7
3	37.469737	-122.191020	5
3	37.422937	-122.074020	1
4	37.368337	-122.042820	1
0	37.883137	-122.253420	16
2	37.594537	-122.144220	-2
4	37.368337	-121.918020	9
4	37.321537	-121.988220	10
2	37.524337	-121.949220	0
2	37.571137	-122.081820	0
2	37.532137	-122.315820	-2
0	37.766137	-122.276820	30
1	37.617937	-122.456220	4
3	37.430737	-121.949220	7
0	37.968937	-122.378220	3
5	37.282537	-121.730820	2
1	37.711537	-122.401620	-2
1	37.703737	-122.136420	11
5	37.305937	-121.972620	12
1	37.688137	-122.409420	4
3	37.438537	-122.050620	1
3	37.493137	-121.925820	-2
3	37.485337	-121.988220	-2
4	37.368337	-122.019420	10
5	37.212337	-121.879020	2
2	37.555537	-122.058420	0
4	37.407337	-122.089620	1
2	37.578937	-122.035020	0
2	37.524337	-122.308020	-2
0	37.805137	-122.331420	15
4	37.383937	-122.144220	5
3	37.430737	-122.066220	1
0	37.906537	-122.339220	3
1	37.656937	-122.487420	4
1	37.610137	-122.393820	27
5	37.251337	-122.011620	8
3	37.461937	-122.222220	-2
4	37.360537	-122.042820	1
2	37.563337	-121.964820	0
4	37.337137	-122.035020	10
0	37.773937	-122.159820	13
5	37.274737	-121.847820	2
1	37.742737	-122.378220	-2
1	37.734937	-122.222220	-2
3	37.430737	-122.206620	5
3	37.422937	-121.894620	9
3	37.485337	-122.261220	-2
4	37.399537	-122.159820	5
2	37.578937	-122.323620	-2
2	37.524337	-122.019420	0
2	37.547737	-122.074020	0
1	37.719337	-122.487420	14
1	37.625737	-122.058420	-2
0	37.961137	-122.292420	3
5	37.298137	-121.925820	12
0	37.976737	-122.354820	3
0	37.984537	-122.276820	3
1	37.703737	-122.456220	14
2	37.508737	-122.089620	0
1	37.680337	-122.401620	4
0	37.914337	-122.347020	3
4	37.391737	-122.113020	1
4	37.391737	-122.128620	1
4	37.407337	-121.988220	7
5	37.220137	-121.996020	8
2	37.532137	-122.066220	0
2	37.516537	-122.222220	-2
0	37.851937	-122.222220	16
1	37.625737	-122.448420	4
5	37.290337	-121.972620	12
1	37.719337	-122.159820	11
1	37.649137	-122.479620	4
0	37.929937	-122.354820	3
5	37.243537	-122.019420	8
3	37.500937	-121.972620	-2
2	37.532137	-122.308020	-2
2	37.547737	-122.300220	-2
2	37.539937	-122.300220	-2
0	37.789537	-122.261220	15
0	37.812937	-122.214420	13
5	37.266937	-121.949220	8
1	37.742737	-122.183220	11
1	37.734937	-122.417220	-2
1	37.672537	-122.159820	11
5	37.235737	-121.933620	8
0	37.758337	-122.479620	22
3	37.485337	-122.206620	-2
4	37.399537	-122.074020	1
2	37.578937	-122.128620	-2
4	37.329337	-121.793220	-2
4	37.337137	-122.089620	1
4	37.352737	-121.933620	9
0	37.766137	-122.417220	23
0	37.773937	-122.464020	21
0	37.781737	-122.292420	19
5	37.298137	-122.058420	10
1	37.703737	-122.464020	14
5	37.259137	-121.840020	2
2	37.594537	-122.393820	-2
4	37.360537	-121.840020	6
4	37.313737	-121.863420	6
4	37.344937	-121.808820	6
5	37.282537	-121.980420	8
0	37.922137	-122.386020	3
1	37.688137	-122.159820	11
5	37.243537	-121.949220	8
3	37.446337	-122.050620	1
4	37.383937	-122.003820	7
3	37.477537	-122.237820	-2
4	37.376137	-121.949220	9
0	37.789537	-122.206620	13
1	37.742737	-122.237820	28
1	37.664737	-122.425020	4
5	37.227937	-121.941420	8
3	37.430737	-121.879020	9
3	37.407337	-122.097420	1
3	37.446337	-122.191020	5
4	37.399537	-121.894620	9
3	37.461937	-121.972620	7
4	37.305937	-121.886820	6
4	37.329337	-121.941420	12
0	37.828537	-122.245620	17
0	37.773937	-122.409420	24
0	37.781737	-122.471820	21
2	37.532137	-122.237820	-2
0	37.976737	-122.308020	3
0	37.992337	-122.339220	3
0	38.000137	-122.292420	3
2	37.508737	-122.011620	0
5	37.259137	-121.801020	2
5	37.235737	-121.801020	2
3	37.477537	-122.027220	-2
3	37.469737	-122.136420	5
4	37.407337	-122.097420	1
4	37.360537	-122.050620	1
4	37.368337	-121.863420	6
4	37.321537	-121.871220	6
2	37.571137	-121.996020	0
0	37.867537	-122.237820	16
4	37.344937	-121.988220	10
1	37.633537	-122.136420	-2
0	37.766137	-122.237820	19
5	37.305937	-121.801020	2
1	37.727137	-122.144220	11
5	37.282537	-121.801020	2
1	37.656937	-122.074020	-2
0	37.929937	-122.378220	3
2	37.508737	-122.339220	-2
1	37.695937	-122.495220	4
3	37.438537	-121.996020	7
5	37.220137	-121.816620	2
3	37.477537	-122.167620	5
2	37.555537	-122.003820	0
2	37.602337	-122.011620	0
4	37.376137	-122.128620	1
4	37.383937	-121.910220	9
0	37.805137	-122.245620	17
0	37.906537	-122.331420	3
1	37.664737	-122.105220	-2
1	37.656937	-122.401620	4
1	37.641337	-122.058420	-2
3	37.407337	-121.918020	9
3	37.500937	-122.222220	-2
3	37.454137	-121.980420	7
2	37.610137	-122.042820	-2
4	37.337137	-121.949220	12
5	37.227937	-121.793220	2
2	37.539937	-122.050620	0
0	37.781737	-122.401620	24
0	37.797337	-122.308020	15
5	37.274737	-121.902420	12
0	38.000137	-122.347020	3
0	37.945537	-122.370420	3
1	37.742737	-122.432820	-2
1	37.734937	-122.167620	11
1	37.672537	-122.409420	4
0	37.812937	-122.261220	15
0	37.758337	-122.230020	19
2	37.516537	-122.058420	0
2	37.578937	-122.378220	-2
2	37.586737	-122.471820	18
2	37.547737	-122.003820	0
0	37.766137	-122.167620	13
5	37.305937	-121.855620	6
1	37.649137	-122.081820	-2
0	37.937737	-122.370420	3
3	37.438537	-121.941420	7
5	37.220137	-121.980420	8
3	37.454137	-122.284620	-2
3	37.493137	-122.253420	-2
4	37.407337	-122.042820	1
2	37.532137	-121.996020	0
2	37.578937	-122.019420	0
0	37.851937	-122.292420	20
0	37.805137	-122.191020	13
0	37.953337	-122.284620	3
5	37.290337	-122.027220	10
1	37.649137	-122.409420	4
1	37.695937	-122.066220	-2
5	37.251337	-121.871220	2
3	37.461937	-122.003820	1
3	37.500937	-122.042820	-2
3	37.454137	-121.925820	9
0	37.844137	-122.261220	16
0	37.789537	-122.456220	21
0	37.992337	-122.323620	3
5	37.266937	-121.894620	2
1	37.742737	-122.487420	14
5	37.235737	-121.879020	2
0	37.758337	-122.425020	23
4	37.391737	-121.957020	7
4	37.399537	-122.144220	5
2	37.586737	-122.417220	-2
0	37.883137	-122.315820	36
1	37.617937	-122.120820	-2
0	37.781737	-122.222220	13
5	37.298137	-121.879020	6
1	37.711537	-122.128620	11
4	37.391737	-121.941420	9
2	37.508737	-122.261220	-2
1	37.750537	-122.191020	11
5	37.220137	-121.925820	8
5	37.212337	-121.988220	8
3	37.493137	-122.183220	5
2	37.594537	-122.448420	18
2	37.602337	-122.120820	-2
4	37.368337	-122.113020	1
2	37.516537	-122.331420	-2
3	37.469737	-121.925820	7
1	37.633537	-122.386020	-2
0	37.953337	-122.339220	3
1	37.727137	-122.393820	-2
1	37.649137	-122.089620	-2
1	37.641337	-122.448420	4
5	37.243537	-121.879020	2
3	37.438537	-122.245620	5
4	37.337137	-121.808820	6
4	37.376137	-121.879020	6
3	37.430737	-122.222220	5
0	37.797337	-122.448420	21
5	37.266937	-121.964820	8
3	37.422937	-121.941420	7
1	37.656937	-122.152020	-2
5	37.227937	-121.871220	2
3	37.415137	-121.996020	7
3	37.407337	-122.167620	5
3	37.446337	-122.245620	-2
4	37.399537	-121.933620	9
4	37.352737	-121.988220	7
4	37.305937	-121.957020	12
4	37.321537	-121.785420	-2
4	37.329337	-121.871220	6
0	37.781737	-122.152020	13
2	37.508737	-122.081820	0
1	37.750537	-122.230020	38
3	37.415137	-122.136420	5
3	37.477537	-122.019420	-2
3	37.430737	-122.011620	1
4	37.407337	-122.152020	5
5	37.212337	-121.957020	8
2	37.602337	-122.440620	-2
4	37.313737	-121.972620	12
4	37.321537	-121.941420	12
0	37.867537	-122.276820	16
4	37.344937	-121.918020	9
1	37.625737	-122.378220	-2
0	37.961137	-122.362620	3
0	37.968937	-122.300220	3
1	37.727137	-122.198820	-2
1	37.719337	-122.370420	-2
5	37.305937	-122.011620	10
1	37.695937	-122.456220	4
5	37.243537	-121.808820	2
3	37.446337	-121.910220	9
3	37.438537	-122.191020	5
3	37.493137	-122.003820	-2
2	37.602337	-122.081820	-2
0	37.836337	-122.230020	17
4	37.376137	-122.058420	1
4	37.383937	-121.855620	6
4	37.383937	-122.105220	1
3	37.430737	-122.074020	1
5	37.290337	-121.777620	2
5	37.227937	-121.832220	2
3	37.415137	-121.863420	9
3	37.407337	-121.988220	7
3	37.461937	-121.925820	9
3	37.500937	-122.292420	-2
4	37.344937	-122.058420	1
4	37.305937	-121.996020	10
2	37.586737	-122.058420	0
2	37.563337	-122.105220	-2
4	37.329337	-122.081820	1
4	37.337137	-121.894620	6
2	37.555537	-122.308020	-2
2	37.539937	-121.964820	0
0	37.781737	-122.393820	24
5	37.298137	-121.769820	2
0	37.797337	-122.269020	15
5	37.274737	-121.832220	2
1	37.649137	-122.074020	-2
1	37.672537	-122.479620	4
5	37.305937	-121.933620	12
2	37.508737	-122.198820	-2
0	37.750537	-122.425020	23
0	37.758337	-122.175420	29
2	37.594537	-122.027220	0
2	37.578937	-122.432820	18
4	37.321537	-122.011620	10
4	37.383937	-122.128620	1
2	37.571137	-122.042820	0
4	37.344937	-122.097420	1
1	37.617937	-122.370420	-2
1	37.610137	-122.479620	26
0	37.968937	-122.354820	3
1	37.711537	-122.378220	-2
1	37.695937	-122.136420	11
1	37.688137	-122.432820	4
3	37.438537	-121.886820	9
5	37.305937	-121.832220	2
3	37.454137	-122.261220	-2
3	37.493137	-121.933620	-2
3	37.485337	-122.011620	-2
4	37.391737	-122.136420	1
2	37.532137	-121.941420	0
2	37.532137	-122.206620	-2
2	37.578937	-122.074020	0
2	37.524337	-122.269020	-2
1	37.625737	-122.440620	4
5	37.290337	-121.863420	2
3	37.407337	-121.871220	9
1	37.703737	-122.175420	11
3	37.422937	-122.152020	5
3	37.461937	-122.292420	-2
4	37.305937	-121.816620	2
2	37.563337	-122.066220	0
4	37.337137	-122.058420	1
2	37.516537	-121.972620	0
0	37.797337	-122.198820	13
5	37.274737	-121.886820	2
2	37.524337	-122.354820	-2
0	37.750537	-122.479620	22
3	37.485337	-122.315820	-2
2	37.586737	-122.362620	-2
2	37.524337	-121.980420	0
2	37.547737	-122.050620	0
5	37.220137	-121.785420	2
0	37.883137	-122.261220	16
1	37.610137	-122.425020	27
5	37.298137	-121.949220	12
0	37.984537	-122.315820	3
1	37.711537	-122.183220	11
2	37.508737	-122.331420	-2
5	37.259137	-121.980420	8
1	37.680337	-122.440620	4
5	37.220137	-121.840020	2
3	37.454137	-122.206620	5
3	37.493137	-122.144220	5
3	37.485337	-121.957020	-2
4	37.407337	-121.902420	9
2	37.610137	-122.128620	-2
2	37.594537	-122.471820	18
2	37.516537	-122.261220	-2
0	37.851937	-122.245620	16
1	37.633537	-122.409420	4
1	37.625737	-122.128620	-2
1	37.727137	-122.448420	14
1	37.719337	-122.120820	11
0	37.914337	-122.370420	3
2	37.500937	-122.253420	-2
1	37.641337	-122.393820	4
5	37.251337	-121.918020	12
4	37.321537	-122.058420	10
4	37.383937	-121.964820	7
2	37.547737	-122.089620	0
4	37.360537	-122.089620	1
2	37.539937	-122.323620	-2
0	37.789537	-122.284620	19
0	37.812937	-122.253420	17
5	37.266937	-121.910220	12
1	37.734937	-122.503020	14
1	37.672537	-122.120820	-2
1	37.656937	-122.097420	-2
4	37.399537	-122.003820	7
2	37.563337	-122.354820	-2
4	37.337137	-122.011620	10
4	37.352737	-121.894620	6
5	37.298137	-122.019420	10
5	37.290337	-121.949220	12
5	37.259137	-121.941420	8
1	37.680337	-122.120820	-2
5	37.212337	-121.847820	2
3	37.469737	-122.214420	-2
2	37.602337	-122.479620	18
4	37.313737	-122.027220	10
2	37.516537	-122.191020	-2
4	37.344937	-121.847820	6
0	37.820737	-122.308020	32
1	37.719337	-122.440620	-2
4	37.391737	-121.894620	9
1	37.688137	-122.183220	11
5	37.243537	-121.925820	8
3	37.446337	-121.964820	7
3	37.438537	-122.136420	5
3	37.477537	-122.276820	-2
0	37.836337	-122.300220	20
4	37.376137	-121.925820	9
0	37.859737	-122.300220	20
0	37.812937	-122.183220	13
5	37.227937	-121.762020	2
3	37.415137	-121.918020	9
3	37.407337	-122.120820	1
5	37.251337	-121.816620	2
3	37.446337	-122.105220	1
3	37.461937	-122.042820	1
4	37.305937	-122.066220	10
2	37.586737	-122.003820	0
2	37.563337	-122.315820	-2
2	37.571137	-122.347020	-2
2	37.555537	-122.253420	-2
0	37.828537	-122.222220	17
0	37.773937	-122.245620	19
5	37.298137	-121.777620	2
0	38.000137	-122.331420	3
3	37.461937	-122.175420	5
3	37.461937	-121.933620	7
5	37.235737	-121.824420	2
5	37.259137	-121.996020	8
3	37.469737	-122.159820	5
3	37.422937	-122.042820	1
2	37.516537	-122.035020	0
2	37.594537	-122.113020	-2
2	37.578937	-122.487420	18
2	37.586737	-122.113020	-2
5	37.212337	-121.949220	8
2	37.571137	-121.988220	0
0	37.867537	-122.261220	16
4	37.344937	-122.027220	10
4	37.352737	-121.824420	6
1	37.617937	-122.425020	4
5	37.196737	-121.840020	2
5	37.282537	-121.824420	2
1	37.711537	-122.432820	-2
1	37.703737	-122.105220	-2
3	37.446337	-121.894620	9
3	37.438537	-122.081820	1
2	37.555537	-122.027220	0
4	37.376137	-122.105220	1
2	37.524337	-122.089620	0
0	37.805137	-122.300220	15
5	37.266937	-121.801020	2
0	37.906537	-122.370420	3
1	37.641337	-122.144220	-2
3	37.407337	-121.941420	9
3	37.461937	-122.011620	1
3	37.500937	-121.933620	-2
2	37.563337	-121.996020	0
2	37.610137	-122.019420	0
2	37.547737	-122.339220	-2
4	37.329337	-122.019420	10
2	37.539937	-122.074020	0
0	37.773937	-122.191020	13
4	37.391737	-121.886820	9
1	37.734937	-122.253420	28
5	37.235737	-122.019420	8
3	37.430737	-122.175420	5
3	37.485337	-122.230020	-2
2	37.524337	-122.050620	0
2	37.547737	-121.980420	0
0	37.961137	-122.323620	3
1	37.703737	-122.425020	4
0	37.937737	-122.409420	3
3	37.438537	-121.902420	9
3	37.454137	-122.120820	5
3	37.493137	-122.323620	-2
4	37.407337	-122.081820	1
2	37.532137	-122.035020	0
4	37.313737	-121.777620	-2
0	37.875337	-122.284620	16
1	37.633537	-122.464020	4
3	37.461937	-122.167620	5
4	37.321537	-122.074020	10
0	37.914337	-122.362620	3
2	37.500937	-122.308020	-2
5	37.204537	-121.855620	2
5	37.251337	-121.863420	2
3	37.422937	-122.136420	5
3	37.500937	-122.003820	-2
4	37.321537	-121.769820	-2
2	37.547737	-122.331420	-2
2	37.539937	-122.269020	-2
0	37.844137	-122.237820	17
0	37.789537	-122.230020	13
5	37.274737	-121.996020	8
5	37.266937	-121.855620	2
3	37.422937	-121.902420	9
1	37.742737	-122.152020	11
1	37.734937	-122.448420	14
5	37.235737	-121.902420	2
5	37.227937	-122.011620	8
0	37.758337	-122.510820	22
3	37.485337	-122.175420	5
4	37.399537	-122.042820	1
2	37.578937	-122.097420	-2
2	37.571137	-122.097420	-2
0	37.883137	-122.276820	16
0	37.766137	-122.448420	22
1	37.617937	-122.035020	-2
0	37.781737	-122.323620	19
5	37.298137	-122.027220	10
2	37.508737	-121.941420	0
5	37.259137	-121.871220	2
5	37.220137	-121.949220	8
4	37.407337	-121.886820	9
5	37.212337	-121.933620	8
2	37.594537	-122.362620	-2
4	37.360537	-121.871220	6
4	37.313737	-121.894620	6
0	37.766137	-122.487420	22
1	37.625737	-122.487420	26
3	37.430737	-121.996020	7
0	37.922137	-122.354820	3
1	37.641337	-122.471820	4
1	37.688137	-122.128620	-2
5	37.243537	-121.855620	2
3	37.477537	-122.269020	-2
4	37.368337	-121.910220	9
4	37.376137	-121.855620	6
0	37.789537	-122.175420	13
3	37.430737	-122.050620	1
1	37.664737	-122.456220	4
5	37.227937	-121.910220	8
3	37.415137	-121.972620	7
0	37.750537	-122.269020	-2
3	37.446337	-122.159820	5
4	37.399537	-121.863420	9
3	37.500937	-122.183220	5
4	37.360537	-121.964820	7
4	37.305937	-121.918020	12
4	37.329337	-121.910220	6
0	37.828537	-122.276820	20
0	37.773937	-122.440620	25
0	37.781737	-122.503020	21
0	37.976737	-122.276820	3
2	37.508737	-122.042820	0
5	37.259137	-121.832220	2
5	37.235737	-121.769820	2
3	37.415137	-122.113020	1
2	37.508737	-122.191020	-2
3	37.430737	-121.925820	9
4	37.360537	-121.957020	9
4	37.360537	-122.081820	1
4	37.368337	-121.894620	9
4	37.321537	-121.840020	6
4	37.344937	-121.957020	9
1	37.633537	-122.105220	-2
0	37.766137	-122.269020	19
1	37.617937	-122.479620	26
1	37.610137	-122.120820	-2
1	37.625737	-122.393820	-2
1	37.727137	-122.175420	11
1	37.719337	-122.362620	-2
0	37.929937	-122.347020	3
1	37.695937	-122.464020	4
5	37.243537	-121.785420	2
3	37.446337	-121.949220	7
3	37.438537	-122.152020	5
5	37.305937	-121.808820	2
3	37.477537	-122.198820	-2
2	37.532137	-121.949220	0
2	37.555537	-121.972620	0
2	37.532137	-122.284620	-2
4	37.376137	-122.035020	1
4	37.383937	-121.879020	9
0	37.859737	-122.253420	16
0	37.805137	-122.214420	13
5	37.290337	-121.816620	2
1	37.664737	-122.136420	-2
1	37.656937	-122.432820	4
3	37.407337	-122.011620	7
3	37.500937	-122.253420	-2
3	37.454137	-122.011620	1
4	37.305937	-121.988220	10
2	37.610137	-122.074020	-2
4	37.337137	-121.918020	6
4	37.352737	-122.105220	1
2	37.539937	-122.019420	0
0	37.773937	-122.292420	19
0	37.781737	-122.432820	25
0	37.789537	-122.479620	21
0	37.797337	-122.276820	15
5	37.282537	-122.019420	10
0	37.945537	-122.401620	3
1	37.742737	-122.401620	-2
1	37.734937	-122.198820	11
1	37.672537	-122.440620	4
3	37.477537	-121.925820	-2
3	37.430737	-122.230020	5
0	37.758337	-122.261220	19
2	37.594537	-122.066220	-2
2	37.578937	-122.347020	-2
2	37.586737	-122.503020	18
0	37.766137	-122.198820	13
5	37.305937	-121.886820	6
1	37.727137	-122.230020	-2
0	37.937737	-122.339220	3
1	37.695937	-122.175420	11
1	37.688137	-122.487420	4
4	37.383937	-122.074020	1
3	37.493137	-122.222220	-2
2	37.532137	-121.964820	0
2	37.578937	-121.988220	0
0	37.898737	-122.269020	16
2	37.524337	-122.230020	-2
3	37.430737	-121.941420	7
0	37.953337	-122.315820	3
5	37.290337	-121.871220	2
5	37.282537	-121.941420	12
1	37.649137	-122.440620	4
5	37.251337	-122.027220	8
4	37.383937	-121.988220	7
3	37.500937	-122.074020	-2
3	37.454137	-121.957020	7
2	37.500937	-122.276820	-2
4	37.305937	-121.777620	2
2	37.547737	-122.261220	-2
0	37.844137	-122.292420	20
0	37.789537	-122.425020	25
0	37.992337	-122.292420	3
1	37.734937	-122.393820	-2
5	37.235737	-121.847820	2
5	37.251337	-121.957020	8
3	37.469737	-121.933620	7
0	37.758337	-122.456220	22
4	37.391737	-121.925820	9
4	37.399537	-122.113020	1
2	37.586737	-122.448420	18
2	37.571137	-122.323620	-2
4	37.352737	-122.035020	1
1	37.617937	-122.089620	-2
0	37.781737	-122.253420	15
5	37.298137	-121.847820	2
3	37.461937	-122.152020	5
1	37.711537	-122.159820	11
5	37.290337	-121.925820	12
2	37.508737	-122.292420	-2
0	37.945537	-122.331420	3
1	37.680337	-122.479620	4
5	37.220137	-121.894620	2
3	37.454137	-122.167620	5
3	37.493137	-122.152020	5
4	37.391737	-121.863420	6
4	37.407337	-121.941420	9
2	37.610137	-122.105220	-2
2	37.594537	-122.417220	-2
2	37.602337	-122.089620	-2
4	37.313737	-121.949220	12
2	37.516537	-122.300220	-2
0	37.875337	-122.269020	16
0	37.820737	-122.198820	13
0	37.953337	-122.370420	3
0	37.898737	-122.284620	3
1	37.727137	-122.425020	-2
3	37.461937	-122.144220	5
1	37.649137	-122.120820	-2
1	37.641337	-122.417220	4
5	37.243537	-122.035020	8
2	37.516537	-121.941420	0
0	37.789537	-122.308020	19
0	37.797337	-122.417220	31
0	37.812937	-122.292420	15
5	37.266937	-121.996020	8
1	37.742737	-122.136420	11
1	37.734937	-122.464020	14
1	37.672537	-122.081820	-2
5	37.227937	-121.840020	2
3	37.415137	-122.027220	1
3	37.446337	-122.214420	5
4	37.399537	-121.902420	9
3	37.461937	-122.206620	-2
4	37.329337	-121.840020	6
3	37.430737	-121.933620	9
0	37.781737	-122.183220	13
1	37.711537	-122.214420	-2
1	37.680337	-122.159820	11
3	37.415137	-122.167620	5
1	37.633537	-122.042820	-2
2	37.516537	-122.011620	0
2	37.602337	-122.409420	-2
4	37.313737	-122.003820	10
4	37.321537	-121.910220	6
4	37.344937	-121.886820	6
0	37.820737	-122.269020	15
0	37.961137	-122.393820	3
0	37.968937	-122.331420	3
1	37.727137	-122.479620	14
1	37.719337	-122.401620	-2
1	37.703737	-122.058420	-2
1	37.695937	-122.425020	4
3	37.446337	-122.003820	1
3	37.438537	-122.097420	1
3	37.477537	-122.128620	5
3	37.493137	-121.972620	-2
2	37.602337	-122.050620	-2
0	37.836337	-122.261220	17
4	37.376137	-121.964820	7
1	37.664737	-122.471820	4
5	37.227937	-121.801020	2
3	37.415137	-121.894620	9
3	37.407337	-122.081820	1
4	37.391737	-121.855620	6
3	37.446337	-122.144220	5
3	37.500937	-122.323620	-2
4	37.305937	-122.027220	10
4	37.329337	-122.050620	10
4	37.337137	-121.863420	6
2	37.555537	-122.276820	-2
4	37.329337	-121.964820	12
0	37.773937	-122.237820	35
0	37.797337	-122.237820	13
4	37.391737	-121.871220	9
1	37.734937	-122.144220	11
3	37.469737	-122.183220	5
0	37.758337	-122.206620	13
2	37.594537	-122.120820	-2
2	37.578937	-122.401620	-2
4	37.321537	-121.980420	12
2	37.524337	-121.941420	0
2	37.571137	-122.074020	0
4	37.344937	-122.066220	1
0	37.766137	-122.284620	30
5	37.305937	-121.941420	12
1	37.719337	-122.471820	14
1	37.711537	-122.409420	-2
1	37.703737	-122.128620	11
1	37.695937	-122.105220	-2
1	37.688137	-122.401620	4
3	37.461937	-122.198820	5
4	37.321537	-122.042820	10
3	37.485337	-121.980420	-2
3	37.430737	-121.957020	7
2	37.578937	-122.042820	0
2	37.524337	-122.300220	-2
0	37.805137	-122.323620	15
0	37.906537	-122.347020	3
1	37.664737	-122.152020	-2
1	37.656937	-122.479620	4
4	37.391737	-122.074020	1
5	37.251337	-121.972620	8
2	37.563337	-121.972620	0
4	37.337137	-122.027220	10
0	37.773937	-122.152020	13
1	37.617937	-122.066220	-2
3	37.469737	-121.996020	1
0	37.797337	-122.167620	13
5	37.274737	-121.855620	2
3	37.422937	-122.019420	1
5	37.282537	-121.910220	12
1	37.742737	-122.386020	-2
1	37.734937	-122.214420	-2
3	37.430737	-122.183220	5
0	37.758337	-122.276820	30
3	37.485337	-122.284620	-2
4	37.399537	-122.152020	5
2	37.578937	-122.331420	-2
2	37.586737	-122.393820	-2
2	37.524337	-122.011620	0
2	37.547737	-122.081820	0
1	37.625737	-122.081820	-2
1	37.610137	-122.456220	26
5	37.298137	-121.918020	12
0	37.976737	-122.347020	3
0	37.984537	-122.284620	3
1	37.711537	-122.464020	14
1	37.703737	-122.448420	-2
3	37.422937	-122.027220	1
5	37.259137	-122.011620	8
1	37.680337	-122.409420	4
3	37.454137	-122.113020	5
3	37.485337	-121.925820	-2
4	37.407337	-121.996020	7
5	37.212337	-121.910220	8
2	37.516537	-122.230020	-2
1	37.625737	-122.050620	-2
1	37.625737	-122.097420	-2
3	37.430737	-121.972620	7
5	37.290337	-122.011620	10
1	37.719337	-122.152020	11
1	37.649137	-122.487420	4
1	37.610137	-122.362620	-2
5	37.251337	-121.949220	8
4	37.407337	-122.136420	5
3	37.500937	-121.964820	-2
1	37.750537	-122.159820	11
4	37.368337	-121.933620	-2
2	37.547737	-122.120820	0
4	37.360537	-122.120820	1
2	37.539937	-122.292420	-2
4	37.321537	-122.035020	10
0	37.789537	-122.253420	15
1	37.633537	-122.050620	-2
5	37.266937	-121.941420	12
0	37.890937	-122.292420	3
1	37.742737	-122.191020	11
1	37.734937	-122.409420	-2
1	37.672537	-122.152020	-2
1	37.656937	-122.128620	-2
4	37.321537	-122.050620	10
5	37.305937	-121.925820	12
0	37.758337	-122.471820	22
3	37.485337	-122.198820	-2
4	37.399537	-121.972620	7
4	37.360537	-122.003820	10
2	37.578937	-122.136420	-2
2	37.563337	-122.386020	-2
4	37.329337	-121.801020	-2
4	37.352737	-121.925820	-2
0	37.766137	-122.425020	23
0	37.773937	-122.487420	21
0	37.781737	-122.300220	19
5	37.298137	-121.988220	12
0	37.984537	-122.339220	3
0	37.929937	-122.315820	3
1	37.750537	-122.144220	11
5	37.259137	-121.847820	2
1	37.680337	-122.089620	-2
4	37.313737	-121.925820	12
2	37.594537	-122.370420	-2
4	37.360537	-121.847820	6
4	37.313737	-122.058420	10
3	37.469737	-122.003820	1
4	37.344937	-121.816620	6
1	37.719337	-122.222220	-2
1	37.688137	-122.152020	11
1	37.703737	-122.183220	11
5	37.243537	-121.957020	8
3	37.446337	-122.058420	1
3	37.477537	-122.308020	-2
4	37.360537	-121.832220	6
3	37.477537	-121.949220	-2
0	37.789537	-122.198820	13
4	37.391737	-121.933620	9
1	37.742737	-122.245620	28
1	37.664737	-122.401620	4
3	37.415137	-121.949220	7
3	37.407337	-122.089620	1
3	37.446337	-122.198820	5
4	37.399537	-121.886820	9
4	37.305937	-121.847820	2
2	37.571137	-122.378220	-2
0	37.828537	-122.253420	17
0	37.773937	-122.401620	24
0	37.781737	-122.479620	21
0	38.000137	-122.300220	3
2	37.508737	-121.972620	0
5	37.235737	-121.793220	2
3	37.477537	-122.035020	-2
3	37.469737	-122.128620	5
4	37.407337	-122.105220	1
2	37.602337	-122.393820	-2
4	37.368337	-121.855620	6
2	37.586737	-122.144220	-2
2	37.571137	-122.019420	0
0	37.867537	-122.230020	16
4	37.344937	-121.996020	10
1	37.633537	-122.144220	-2
0	37.766137	-122.214420	13
1	37.727137	-122.120820	11
5	37.282537	-121.793220	2
5	37.282537	-121.894620	6
1	37.703737	-122.198820	11
3	37.438537	-121.988220	7
5	37.220137	-121.808820	2
3	37.477537	-122.175420	5
2	37.555537	-121.996020	0
2	37.532137	-122.105220	0
4	37.376137	-122.136420	1
4	37.383937	-121.902420	9
0	37.805137	-122.269020	15
5	37.266937	-121.832220	2
0	37.906537	-122.276820	3
1	37.664737	-122.113020	-2
1	37.656937	-122.425020	4
1	37.641337	-122.113020	-2
3	37.407337	-121.910220	9
4	37.313737	-121.918020	12
4	37.383937	-121.949220	9
3	37.500937	-122.214420	-2
3	37.469737	-122.011620	1
2	37.610137	-122.050620	-2
2	37.547737	-122.370420	-2
2	37.539937	-122.042820	0
0	37.781737	-122.409420	24
2	37.532137	-122.269020	-2
0	37.797337	-122.315820	15
5	37.274737	-121.910220	12
0	38.000137	-122.354820	3
0	37.945537	-122.362620	3
1	37.742737	-122.440620	-2
1	37.734937	-122.159820	11
1	37.672537	-122.401620	4
5	37.235737	-121.988220	8
5	37.266937	-121.816620	2
0	37.750537	-122.378220	23
0	37.758337	-122.222220	34
4	37.383937	-121.863420	6
2	37.594537	-122.011620	0
2	37.578937	-122.386020	-2
2	37.586737	-122.464020	18
2	37.524337	-122.081820	0
2	37.547737	-122.011620	0
0	37.766137	-122.175420	13
5	37.305937	-121.863420	6
3	37.461937	-122.191020	5
5	37.290337	-121.746420	2
0	37.937737	-122.378220	3
1	37.695937	-122.183220	11
3	37.438537	-121.933620	9
3	37.454137	-122.276820	-2
3	37.493137	-122.292420	-2
4	37.407337	-122.050620	1
5	37.282537	-121.902420	12
2	37.532137	-122.003820	0
4	37.313737	-121.808820	-2
0	37.851937	-122.284620	20
0	37.805137	-122.183220	13
5	37.290337	-122.035020	10
1	37.649137	-122.417220	4
5	37.251337	-121.894620	2
3	37.422937	-122.105220	1
3	37.500937	-122.035020	-2
3	37.454137	-121.918020	9
4	37.305937	-121.769820	2
2	37.555537	-122.362620	-2
2	37.539937	-122.237820	-2
0	37.844137	-122.269020	20
3	37.461937	-122.113020	5
0	37.789537	-122.448420	21
5	37.274737	-121.964820	8
5	37.266937	-121.886820	2
1	37.742737	-122.495220	14
3	37.461937	-122.269020	-2
5	37.235737	-121.871220	2
5	37.227937	-121.980420	8
0	37.758337	-122.417220	23
3	37.485337	-122.144220	5
4	37.399537	-122.136420	5
2	37.586737	-122.409420	-2
2	37.571137	-122.128620	-2
0	37.883137	-122.308020	20
1	37.617937	-122.128620	-2
0	37.781737	-122.230020	13
5	37.298137	-121.871220	6
1	37.711537	-122.136420	11
2	37.508737	-122.222220	-2
1	37.750537	-122.183220	11
3	37.415137	-121.941420	9
5	37.220137	-121.918020	8
5	37.212337	-121.996020	8
3	37.469737	-122.019420	1
3	37.493137	-122.191020	5
1	37.664737	-122.386020	4
4	37.407337	-121.855620	9
2	37.594537	-122.456220	18
2	37.602337	-122.144220	-2
4	37.368337	-122.105220	1
2	37.516537	-122.089620	0
4	37.329337	-122.089620	1
1	37.633537	-122.393820	-2
0	37.953337	-122.347020	3
5	37.282537	-122.042820	10
0	37.922137	-122.323620	3
1	37.649137	-122.097420	-2
1	37.641337	-122.440620	4
1	37.688137	-122.097420	-2
5	37.243537	-121.886820	2
3	37.438537	-122.237820	5
5	37.305937	-122.027220	10
5	37.274737	-122.027220	10
4	37.337137	-121.832220	6
2	37.532137	-122.354820	-2
4	37.376137	-121.886820	9
0	37.797337	-122.456220	21
5	37.227937	-121.879020	2
3	37.415137	-122.003820	7
3	37.407337	-122.159820	5
3	37.446337	-122.253420	-2
4	37.399537	-121.957020	7
4	37.383937	-122.066220	1
4	37.305937	-121.949220	12
4	37.329337	-121.879020	6
0	37.781737	-122.159820	13
4	37.391737	-121.847820	6
2	37.508737	-122.074020	0
1	37.750537	-122.253420	28
3	37.415137	-122.144220	5
3	37.477537	-121.964820	-2
3	37.430737	-122.019420	1
5	37.274737	-121.824420	2
2	37.602337	-122.432820	-2
1	37.664737	-122.081820	-2
4	37.321537	-121.933620	12
3	37.469737	-121.957020	7
0	37.867537	-122.300220	20
4	37.344937	-121.925820	9
1	37.625737	-122.370420	-2
0	37.961137	-122.354820	3
1	37.727137	-122.206620	-2
1	37.719337	-122.393820	-2
1	37.695937	-122.432820	4
5	37.243537	-121.816620	2
3	37.446337	-121.918020	9
3	37.438537	-122.183220	5
4	37.368337	-121.832220	6
4	37.352737	-121.855620	6
3	37.493137	-122.042820	-2
2	37.602337	-122.074020	-2
2	37.539937	-122.347020	-2
4	37.376137	-122.066220	1
3	37.430737	-122.253420	5
4	37.313737	-121.902420	6
5	37.290337	-121.785420	2
4	37.391737	-122.050620	1
3	37.469737	-121.964820	7
3	37.407337	-121.980420	7
3	37.500937	-122.284620	-2
4	37.305937	-122.019420	10
2	37.586737	-122.050620	0
2	37.563337	-122.113020	-2
4	37.329337	-122.058420	10
4	37.337137	-121.886820	6
2	37.555537	-122.113020	0
2	37.539937	-121.988220	0
3	37.469737	-121.972620	7
5	37.298137	-121.762020	2
0	37.797337	-122.245620	17
3	37.422937	-121.980420	7
1	37.688137	-122.066220	-2
1	37.672537	-122.471820	4
3	37.477537	-121.957020	-2
0	37.750537	-122.432820	23
0	37.758337	-122.167620	29
2	37.594537	-122.035020	0
2	37.578937	-122.440620	18
4	37.321537	-122.003820	10
4	37.383937	-122.120820	1
4	37.344937	-122.105220	1
1	37.617937	-122.378220	-2
1	37.610137	-122.471820	26
0	37.968937	-122.362620	3
1	37.711537	-122.386020	-2
0	37.937737	-122.308020	3
1	37.695937	-122.144220	11
1	37.688137	-122.456220	4
4	37.329337	-121.980420	10
3	37.454137	-122.222220	-2
1	37.703737	-122.214420	-2
3	37.493137	-121.941420	-2
3	37.485337	-122.035020	-2
4	37.368337	-122.011620	7
5	37.212337	-121.886820	2
2	37.578937	-122.081820	-2
2	37.516537	-122.339220	-2
2	37.524337	-122.261220	-2
3	37.469737	-122.300220	-2
5	37.290337	-121.840020	2
1	37.610137	-122.386020	-2
3	37.422937	-122.175420	5
4	37.305937	-121.808820	2
2	37.563337	-122.042820	0
4	37.337137	-122.081820	1
2	37.516537	-121.980420	0
0	37.789537	-122.393820	24
0	37.797337	-122.206620	13
5	37.274737	-121.894620	12
1	37.680337	-122.058420	-2
5	37.305937	-121.902420	6
0	37.750537	-122.487420	22
3	37.485337	-122.308020	-2
4	37.360537	-122.011620	10
2	37.586737	-122.354820	-2
2	37.524337	-121.972620	0
1	37.719337	-122.479620	14
1	37.610137	-122.417220	27
5	37.298137	-121.941420	12
1	37.711537	-122.191020	11
2	37.508737	-122.323620	-2
5	37.259137	-121.988220	8
1	37.680337	-122.448420	4
5	37.220137	-121.863420	2
3	37.454137	-122.198820	5
5	37.196737	-121.855620	2
3	37.485337	-121.949220	-2
4	37.407337	-121.910220	9
2	37.610137	-122.136420	-2
2	37.516537	-122.269020	-2
1	37.633537	-122.448420	4
1	37.625737	-122.120820	-2
0	37.953337	-122.401620	3
1	37.727137	-122.456220	14
1	37.719337	-122.144220	11
2	37.500937	-122.230020	-2
1	37.641337	-122.386020	-2
1	37.703737	-122.206620	11
2	37.547737	-122.097420	0
4	37.360537	-122.097420	1
2	37.539937	-122.097420	0
0	37.789537	-122.276820	19
4	37.407337	-122.058420	1
1	37.633537	-122.058420	-2
5	37.266937	-121.902420	12
5	37.196737	-121.832220	2
1	37.734937	-122.495220	14
1	37.672537	-122.113020	-2
1	37.656937	-122.089620	-2
4	37.383937	-122.081820	1
3	37.415137	-122.058420	1
4	37.399537	-121.996020	7
2	37.563337	-122.362620	-2
4	37.329337	-121.808820	-2
4	37.352737	-121.886820	6
3	37.430737	-122.136420	5
5	37.298137	-122.011620	10
5	37.259137	-121.918020	12
1	37.680337	-122.128620	-2
5	37.212337	-121.855620	2
3	37.469737	-122.269020	-2
3	37.422937	-121.964820	7
4	37.360537	-121.918020	-2
4	37.313737	-122.035020	10
2	37.516537	-122.198820	-2
5	37.298137	-121.832220	2
4	37.344937	-121.855620	6
0	37.820737	-122.300220	32
1	37.719337	-122.432820	-2
5	37.282537	-121.855620	2
1	37.695937	-122.393820	4
3	37.446337	-121.972620	7
3	37.438537	-122.128620	5
3	37.477537	-122.284620	-2
0	37.836337	-122.292420	20
4	37.376137	-121.996020	7
0	37.859737	-122.276820	16
3	37.469737	-121.980420	7
0	37.812937	-122.191020	13
5	37.227937	-121.769820	2
3	37.415137	-121.925820	9
3	37.407337	-122.050620	1
5	37.251337	-121.808820	2
3	37.446337	-122.113020	5
3	37.500937	-122.105220	-2
4	37.305937	-122.058420	10
2	37.586737	-121.996020	0
2	37.563337	-122.292420	-2
2	37.571137	-122.339220	-2
2	37.555537	-122.245620	-2
0	37.828537	-122.198820	13
0	37.773937	-122.269020	19
2	37.532137	-122.214420	-2
5	37.235737	-121.816620	2
5	37.251337	-121.847820	2
3	37.469737	-122.152020	5
3	37.422937	-122.066220	1
4	37.407337	-122.144220	5
2	37.594537	-122.089620	-2
2	37.578937	-122.495220	18
2	37.586737	-122.105220	-2
2	37.571137	-121.980420	0
4	37.344937	-122.035020	10
4	37.352737	-121.816620	6
1	37.617937	-122.432820	4
0	37.914337	-122.300220	3
1	37.711537	-122.440620	-2
1	37.703737	-122.097420	-2
3	37.438537	-122.074020	1
2	37.555537	-122.081820	0
4	37.376137	-122.113020	1
2	37.524337	-122.331420	-2
0	37.805137	-122.292420	15
0	37.906537	-122.378220	3
1	37.641337	-122.136420	-2
3	37.407337	-121.933620	9
5	37.251337	-122.003820	8
3	37.500937	-121.925820	-2
2	37.563337	-122.003820	0
2	37.547737	-122.347020	-2
0	37.773937	-122.183220	13
5	37.274737	-121.949220	12
1	37.734937	-122.245620	28
5	37.235737	-122.011620	8
1	37.633537	-122.066220	-2
3	37.485337	-122.253420	-2
2	37.516537	-122.066220	0
2	37.524337	-122.042820	0
3	37.469737	-121.988220	7
2	37.547737	-121.988220	0
0	37.766137	-122.495220	22
0	37.961137	-122.284620	3
1	37.711537	-122.495220	14
1	37.703737	-122.417220	4
3	37.454137	-122.144220	5
4	37.337137	-122.019420	10
4	37.407337	-121.964820	7
2	37.532137	-122.074020	0
4	37.313737	-121.785420	-2
0	37.875337	-122.292420	20
1	37.633537	-122.471820	4
5	37.290337	-121.980420	12
0	37.914337	-122.354820	3
2	37.500937	-122.315820	-2
5	37.204537	-121.847820	2
5	37.251337	-121.855620	2
3	37.461937	-121.980420	7
3	37.500937	-121.996020	-2
2	37.547737	-122.276820	-2
2	37.539937	-122.261220	-2
0	37.789537	-122.222220	13
4	37.383937	-122.035020	1
5	37.227937	-121.964820	8
5	37.274737	-122.003820	8
5	37.266937	-121.847820	2
1	37.742737	-122.159820	11
1	37.734937	-122.440620	-2
5	37.235737	-121.957020	8
5	37.227937	-122.019420	8
0	37.758337	-122.503020	22
3	37.485337	-122.167620	5
4	37.399537	-122.066220	1
2	37.578937	-122.105220	-2
2	37.571137	-122.089620	0
4	37.352737	-121.957020	9
0	37.766137	-122.456220	22
1	37.617937	-122.042820	-2
0	37.781737	-122.331420	19
3	37.461937	-122.136420	5
1	37.703737	-122.487420	14
2	37.508737	-121.933620	0
5	37.259137	-121.879020	2
4	37.407337	-121.894620	9
4	37.360537	-121.879020	6
4	37.313737	-121.840020	6
3	37.469737	-121.918020	9
1	37.625737	-122.479620	26
5	37.305937	-122.058420	10
5	37.282537	-121.972620	12
0	37.922137	-122.362620	3
4	37.391737	-121.972620	7
1	37.641337	-122.464020	4
1	37.688137	-122.120820	-2
5	37.243537	-121.863420	2
3	37.446337	-122.027220	1
3	37.477537	-122.214420	-2
4	37.376137	-121.863420	6
3	37.430737	-122.261220	5
0	37.789537	-122.167620	13
5	37.266937	-122.042820	10
3	37.422937	-121.933620	9
1	37.742737	-122.214420	-2
1	37.664737	-122.432820	4
5	37.227937	-121.949220	8
3	37.415137	-121.980420	7
4	37.337137	-121.996020	10
3	37.446337	-122.167620	5
4	37.399537	-121.855620	6
3	37.500937	-122.175420	5
4	37.352737	-121.980420	7
4	37.305937	-121.879020	6
4	37.321537	-121.777620	-2
4	37.329337	-121.949220	12
0	37.828537	-122.284620	20
0	37.773937	-122.432820	25
0	37.781737	-122.510820	21
0	37.976737	-122.331420	3
2	37.508737	-122.003820	0
5	37.259137	-121.808820	2
3	37.430737	-121.902420	9
4	37.368337	-122.027220	1
4	37.352737	-122.081820	1
4	37.360537	-122.058420	1
4	37.368337	-121.886820	6
4	37.321537	-121.894620	6
4	37.383937	-122.042820	1
4	37.344937	-121.964820	7
1	37.633537	-122.113020	-2
0	37.766137	-122.245620	19
1	37.617937	-122.487420	26
1	37.610137	-122.113020	-2
1	37.727137	-122.152020	11
1	37.656937	-122.066220	-2
0	37.929937	-122.339220	3
5	37.305937	-122.019420	10
1	37.695937	-122.471820	4
5	37.243537	-121.793220	2
3	37.446337	-121.957020	7
3	37.438537	-122.019420	1
5	37.220137	-121.777620	2
3	37.477537	-122.206620	-2
4	37.360537	-122.027220	10
4	37.368337	-122.003820	7
2	37.555537	-121.964820	0
2	37.532137	-122.323620	-2
2	37.539937	-122.370420	-2
4	37.376137	-122.042820	1
4	37.383937	-121.871220	6
0	37.805137	-122.237820	17
4	37.321537	-121.863420	6
4	37.383937	-122.097420	1
3	37.430737	-122.081820	1
5	37.282537	-121.918020	12
0	37.906537	-122.308020	3
1	37.664737	-122.144220	-2
1	37.656937	-122.456220	4
1	37.641337	-122.081820	-2
3	37.407337	-122.003820	7
3	37.500937	-122.245620	-2
3	37.454137	-121.972620	7
4	37.305937	-121.980420	12
5	37.259137	-122.003820	8
2	37.610137	-122.081820	-2
4	37.337137	-121.941420	12
4	37.352737	-122.097420	1
2	37.539937	-122.011620	0
0	37.781737	-122.440620	25
0	37.789537	-122.471820	21
0	37.797337	-122.284620	15
0	37.945537	-122.393820	3
1	37.742737	-122.409420	-2
1	37.734937	-122.191020	11
1	37.672537	-122.432820	4
3	37.469737	-122.042820	1
0	37.758337	-122.253420	19
5	37.220137	-121.972620	8
2	37.578937	-122.354820	-2
2	37.586737	-122.495220	18
0	37.914337	-122.331420	3
0	37.766137	-122.206620	13
5	37.305937	-121.894620	6
1	37.727137	-122.237820	-2
1	37.649137	-122.058420	-2
0	37.937737	-122.347020	3
1	37.695937	-122.152020	11
1	37.688137	-122.479620	4
3	37.399537	-122.159820	5
5	37.305937	-121.777620	2
4	37.321537	-122.081820	1
3	37.493137	-122.261220	-2
4	37.391737	-122.144220	5
2	37.532137	-121.972620	0
2	37.578937	-121.996020	0
2	37.524337	-122.222220	-2
0	37.953337	-122.292420	3
0	37.820737	-122.292420	15
5	37.290337	-121.879020	6
1	37.649137	-122.448420	4
1	37.695937	-122.074020	-2
1	37.703737	-122.167620	11
3	37.500937	-122.066220	-2
3	37.454137	-121.949220	7
3	37.438537	-122.042820	1
4	37.383937	-122.050620	1
2	37.547737	-122.269020	-2
2	37.539937	-121.957020	0
0	37.844137	-122.300220	20
0	37.789537	-122.417220	31
0	37.797337	-122.464020	21
0	37.992337	-122.315820	3
1	37.742737	-122.464020	14
1	37.734937	-122.386020	-2
5	37.235737	-121.840020	2
2	37.524337	-122.347020	-2
0	37.758337	-122.448420	22
4	37.391737	-121.902420	9
4	37.399537	-122.105220	1
3	37.415137	-121.879020	9
2	37.586737	-122.440620	18
4	37.352737	-122.027220	10
1	37.617937	-122.097420	-2
0	37.781737	-122.261220	19
5	37.298137	-121.840020	2
1	37.711537	-122.167620	11
2	37.508737	-122.253420	-2
0	37.945537	-122.323620	3
1	37.680337	-122.487420	4
5	37.220137	-121.886820	2
5	37.212337	-121.964820	8
3	37.493137	-122.159820	5
4	37.407337	-121.949220	7
2	37.610137	-122.113020	-2
2	37.594537	-122.425020	-2
2	37.602337	-122.113020	-2
4	37.313737	-121.957020	12
2	37.516537	-122.308020	-2
0	37.820737	-122.191020	13
0	37.953337	-122.378220	3
0	37.898737	-122.276820	16
1	37.727137	-122.401620	-2
5	37.282537	-121.886820	6
0	37.922137	-122.292420	3
1	37.649137	-122.128620	-2
1	37.641337	-122.409420	4
3	37.438537	-122.269020	-2
4	37.337137	-121.801020	-2
2	37.516537	-121.949220	0
0	37.797337	-122.425020	25
0	37.812937	-122.300220	15
5	37.266937	-121.988220	8
1	37.742737	-122.144220	11
1	37.664737	-122.393820	4
5	37.227937	-121.847820	2
3	37.415137	-122.035020	1
3	37.446337	-122.222220	5
4	37.399537	-121.925820	9
4	37.391737	-122.019420	7
4	37.329337	-121.847820	6
4	37.352737	-121.847820	6
0	37.781737	-122.191020	13
1	37.711537	-122.222220	-2
5	37.290337	-121.957020	12
1	37.750537	-122.222220	11
1	37.680337	-122.167620	11
3	37.415137	-122.175420	5
3	37.477537	-121.996020	-2
3	37.469737	-122.292420	-2
3	37.422937	-122.113020	1
2	37.602337	-122.401620	-2
4	37.313737	-122.011620	10
4	37.321537	-121.902420	6
4	37.344937	-121.894620	6
0	37.820737	-122.261220	17
0	37.961137	-122.386020	3
0	37.968937	-122.276820	3
1	37.727137	-122.487420	14
1	37.719337	-122.425020	-2
1	37.695937	-122.401620	4
3	37.446337	-122.011620	1
3	37.438537	-122.089620	1
3	37.477537	-122.136420	5
3	37.493137	-122.011620	-2
2	37.602337	-122.042820	-2
0	37.836337	-122.222220	17
4	37.376137	-121.972620	7
5	37.227937	-121.777620	2
3	37.407337	-122.074020	1
5	37.251337	-121.801020	2
3	37.500937	-122.315820	-2
4	37.305937	-122.050620	10
2	37.586737	-122.081820	-2
4	37.329337	-122.027220	10
4	37.337137	-121.855620	6
2	37.555537	-122.331420	-2
0	37.773937	-122.230020	13
0	37.797337	-122.214420	13
5	37.274737	-121.808820	2
1	37.734937	-122.136420	11
3	37.461937	-121.941420	7
0	37.750537	-122.401620	23
0	37.758337	-122.198820	13
2	37.516537	-122.042820	0
2	37.594537	-122.128620	-2
1	37.719337	-122.503020	14
2	37.578937	-122.409420	-2
4	37.321537	-121.972620	12
2	37.524337	-121.933620	0
2	37.571137	-122.035020	0
4	37.344937	-122.074020	1
0	37.766137	-122.136420	13
5	37.305937	-121.949220	12
0	37.914337	-122.323620	3
1	37.711537	-122.417220	-2
1	37.703737	-122.120820	11
1	37.695937	-122.113020	-2
1	37.688137	-122.425020	4
3	37.461937	-122.027220	1
3	37.438537	-122.035020	1
3	37.454137	-122.253420	-2
3	37.485337	-122.003820	-2
2	37.578937	-122.050620	0
2	37.524337	-122.292420	-2
0	37.906537	-122.354820	3
0	37.812937	-122.245620	17
3	37.407337	-121.894620	9
5	37.251337	-121.964820	8
3	37.461937	-122.019420	1
4	37.313737	-121.910220	6
2	37.563337	-122.074020	0
4	37.337137	-122.050620	10
4	37.329337	-121.996020	10
0	37.773937	-122.175420	13
0	37.797337	-122.175420	13
5	37.274737	-121.863420	2
1	37.742737	-122.393820	-2
3	37.430737	-122.191020	5
0	37.758337	-122.393820	23
3	37.485337	-122.276820	-2
2	37.586737	-122.386020	-2
2	37.524337	-122.003820	0
2	37.547737	-122.027220	0
0	37.766137	-122.471820	22
1	37.610137	-122.448420	4
5	37.298137	-121.910220	12
0	37.976737	-122.339220	3
0	37.984537	-122.323620	3
1	37.711537	-122.471820	14
1	37.703737	-122.440620	4
2	37.508737	-122.105220	0
5	37.259137	-122.019420	8
1	37.680337	-122.417220	4
3	37.430737	-122.120820	5
3	37.454137	-122.105220	1
3	37.485337	-121.918020	-2
4	37.407337	-122.003820	7
5	37.282537	-121.933620	12
2	37.594537	-122.479620	18
4	37.313737	-121.762020	2
2	37.516537	-122.237820	-2
0	37.851937	-122.269020	16
1	37.633537	-122.417220	4
1	37.625737	-122.089620	-2
3	37.422937	-121.886820	9
5	37.290337	-122.019420	10
0	37.914337	-122.378220	3
2	37.500937	-122.261220	-2
5	37.251337	-121.910220	12
5	37.243537	-121.972620	8
2	37.539937	-122.315820	-2
3	37.430737	-122.237820	5
0	37.789537	-122.245620	15
0	37.812937	-122.230020	17
5	37.266937	-121.933620	12
3	37.422937	-121.925820	9
0	37.890937	-122.300220	3
1	37.742737	-122.198820	11
1	37.734937	-122.401620	-2
1	37.672537	-122.144220	-2
1	37.656937	-122.120820	-2
0	37.758337	-122.464020	22
3	37.446337	-122.276820	-2
4	37.399537	-121.964820	7
4	37.352737	-122.003820	10
4	37.321537	-121.801020	-2
4	37.329337	-121.777620	-2
4	37.352737	-121.918020	-2
0	37.766137	-122.401620	23
1	37.617937	-122.081820	-2
3	37.430737	-121.886820	9
5	37.298137	-121.980420	12
1	37.703737	-122.495220	14
0	37.984537	-122.347020	3
0	37.929937	-122.308020	3
2	37.508737	-121.925820	0
1	37.750537	-122.136420	11
5	37.259137	-121.949220	8
1	37.680337	-122.097420	-2
3	37.469737	-122.237820	-2
4	37.368337	-122.081820	1
5	37.212337	-121.941420	8
2	37.594537	-122.378220	-2
2	37.602337	-122.471820	18
4	37.313737	-122.066220	10
0	37.766137	-122.464020	22
4	37.344937	-121.824420	6
1	37.625737	-122.409420	4
1	37.719337	-122.214420	-2
0	37.922137	-122.370420	3
5	37.305937	-121.996020	10
1	37.688137	-122.175420	11
5	37.243537	-121.902420	2
3	37.446337	-122.066220	1
3	37.430737	-122.128620	5
3	37.430737	-121.980420	7
4	37.368337	-121.902420	9
4	37.376137	-121.902420	9
0	37.789537	-122.191020	13
3	37.430737	-122.027220	1
1	37.742737	-122.253420	28
3	37.430737	-122.144220	5
1	37.664737	-122.409420	4
3	37.415137	-121.957020	7
3	37.407337	-122.144220	5
3	37.446337	-122.206620	5
4	37.360537	-121.972620	7
4	37.305937	-121.840020	2
2	37.563337	-122.323620	-2
2	37.571137	-122.370420	-2
1	37.719337	-122.183220	11
0	37.828537	-122.230020	17
0	37.773937	-122.425020	23
0	37.781737	-122.487420	21
5	37.298137	-121.801020	2
0	37.992337	-122.354820	3
0	38.000137	-122.308020	3
2	37.508737	-121.964820	0
5	37.235737	-121.785420	2
2	37.508737	-122.183220	33
3	37.469737	-122.120820	5
0	37.758337	-122.144220	29
4	37.407337	-122.113020	1
4	37.360537	-121.933620	-2
2	37.602337	-122.386020	-2
2	37.578937	-122.464020	18
2	37.586737	-122.136420	-2
2	37.571137	-122.011620	0
0	37.867537	-122.253420	16
4	37.344937	-122.003820	10
1	37.633537	-122.120820	-2
0	37.766137	-122.222220	13
1	37.617937	-122.401620	27
5	37.305937	-121.754220	2
0	37.820737	-122.214420	13
1	37.727137	-122.128620	11
5	37.282537	-121.816620	2
4	37.391737	-121.964820	7
1	37.703737	-122.191020	11
3	37.438537	-121.980420	7
5	37.305937	-121.816620	2
4	37.391737	-122.089620	1
2	37.532137	-121.957020	0
2	37.555537	-122.050620	0
4	37.383937	-121.957020	7
0	37.805137	-122.261220	15
4	37.383937	-122.019420	7
5	37.266937	-121.824420	2
0	37.906537	-122.284620	3
1	37.664737	-122.089620	-2
1	37.656937	-122.417220	4
1	37.641337	-122.105220	-2
3	37.407337	-121.902420	9
3	37.500937	-121.957020	-2
4	37.337137	-121.964820	12
2	37.539937	-122.066220	0
0	37.781737	-122.417220	24
5	37.282537	-122.011620	10
0	38.000137	-122.362620	3
0	37.945537	-122.354820	3
1	37.742737	-122.448420	14
1	37.734937	-122.152020	11
1	37.672537	-122.393820	4
5	37.235737	-121.980420	8
0	37.750537	-122.386020	23
0	37.758337	-122.214420	13
3	37.485337	-122.222220	-2
2	37.594537	-122.019420	0
2	37.578937	-122.393820	-2
2	37.524337	-122.074020	0
2	37.547737	-122.019420	0
0	37.766137	-122.152020	13
0	37.961137	-122.315820	3
0	37.937737	-122.386020	3
1	37.695937	-122.191020	11
3	37.438537	-121.925820	9
5	37.305937	-121.988220	10
4	37.321537	-122.066220	10
3	37.493137	-122.300220	-2
4	37.391737	-122.152020	5
1	37.719337	-122.191020	11
2	37.532137	-122.042820	0
4	37.313737	-121.816620	-2
0	37.851937	-122.276820	20
0	37.805137	-122.206620	13
0	37.914337	-122.386020	3
1	37.649137	-122.425020	4
5	37.204537	-121.879020	2
5	37.251337	-121.886820	2
3	37.422937	-122.128620	5
4	37.383937	-121.980420	7
3	37.500937	-122.027220	-2
2	37.500937	-122.284620	-2
2	37.547737	-122.308020	-2
2	37.555537	-122.354820	-2
2	37.539937	-122.230020	-2
0	37.844137	-122.214420	17
0	37.789537	-122.440620	25
4	37.391737	-121.988220	7
5	37.274737	-121.972620	8
5	37.266937	-121.879020	2
2	37.539937	-122.362620	-2
1	37.742737	-122.503020	14
5	37.282537	-121.957020	12
5	37.235737	-121.925820	8
5	37.227937	-121.988220	8
0	37.758337	-122.409420	23
3	37.485337	-122.136420	5
4	37.399537	-122.035020	1
2	37.586737	-122.401620	-2
2	37.571137	-122.120820	-2
2	37.547737	-121.949220	0
0	37.883137	-122.300220	20
1	37.617937	-122.136420	-2
0	37.781737	-122.237820	13
5	37.298137	-122.050620	10
3	37.461937	-122.159820	5
1	37.711537	-122.144220	11
5	37.290337	-121.902420	12
2	37.508737	-122.214420	-2
1	37.750537	-122.206620	11
5	37.259137	-122.035020	8
5	37.220137	-121.941420	8
4	37.407337	-121.863420	9
2	37.594537	-122.432820	-2
2	37.602337	-122.136420	-2
4	37.313737	-121.871220	6
2	37.516537	-122.097420	0
1	37.727137	-122.378220	-2
3	37.461937	-122.120820	5
0	37.922137	-122.331420	3
1	37.649137	-122.105220	-2
1	37.641337	-122.432820	4
1	37.688137	-122.089620	-2
5	37.243537	-121.894620	2
3	37.438537	-122.230020	5
3	37.477537	-122.245620	-2
4	37.337137	-121.824420	6
2	37.532137	-122.362620	-2
4	37.376137	-121.894620	9
4	37.305937	-121.801020	2
0	37.797337	-122.432820	25
3	37.461937	-122.237820	-2
5	37.227937	-121.918020	8
3	37.415137	-122.011620	7
3	37.407337	-122.152020	5
3	37.446337	-122.261220	-2
4	37.399537	-121.949220	7
3	37.500937	-122.206620	-2
4	37.305937	-121.910220	6
4	37.329337	-121.918020	6
0	37.781737	-122.167620	13
0	37.976737	-122.300220	3
2	37.508737	-122.035020	0
1	37.750537	-122.245620	39
3	37.461937	-121.949220	7
3	37.415137	-122.089620	1
3	37.477537	-121.972620	-2
0	37.812937	-122.222220	13
2	37.516537	-122.019420	0
2	37.602337	-122.456220	18
4	37.313737	-121.988220	10
2	37.586737	-122.331420	-2
4	37.391737	-121.980420	7
0	37.867537	-122.292420	20
4	37.344937	-121.933620	9
0	37.820737	-122.222220	17
1	37.610137	-122.144220	-2
1	37.727137	-122.183220	11
1	37.719337	-122.386020	-2
1	37.695937	-122.440620	4
5	37.243537	-121.824420	2
3	37.446337	-121.925820	9
3	37.438537	-122.175420	5
3	37.493137	-122.050620	-2
2	37.532137	-122.292420	-2
2	37.539937	-122.339220	-2
4	37.376137	-122.074020	1
4	37.383937	-121.840020	6
0	37.859737	-122.261220	16
5	37.290337	-121.824420	2
5	37.227937	-121.816620	2
1	37.641337	-122.050620	-2
3	37.407337	-121.972620	7
3	37.500937	-122.276820	-2
3	37.454137	-122.003820	1
4	37.305937	-122.011620	10
2	37.586737	-122.042820	0
2	37.563337	-122.089620	0
4	37.329337	-122.066220	1
4	37.337137	-121.910220	6
2	37.555537	-122.105220	0
4	37.329337	-121.972620	12
2	37.539937	-121.980420	0
0	37.773937	-122.284620	19
5	37.298137	-121.754220	2
0	37.797337	-122.253420	15
4	37.391737	-121.879020	9
1	37.688137	-122.058420	-2
1	37.672537	-122.464020	4
0	37.750537	-122.440620	23
0	37.758337	-122.159820	29
2	37.594537	-122.074020	-2
2	37.578937	-122.448420	18
4	37.321537	-121.996020	10
1	37.617937	-122.386020	-2
1	37.610137	-122.464020	26
5	37.243537	-121.840020	2
1	37.711537	-122.393820	-2
0	37.937737	-122.315820	3
1	37.695937	-122.120820	-2
1	37.688137	-122.448420	4
3	37.454137	-122.214420	5
3	37.493137	-122.230020	-2
3	37.485337	-122.027220	-2
2	37.516537	-122.347020	-2
2	37.524337	-122.253420	-2
0	37.953337	-122.323620	3
5	37.290337	-121.847820	2
4	37.391737	-122.081820	1
3	37.422937	-122.167620	5
3	37.461937	-122.276820	-2
4	37.305937	-121.832220	2
4	37.391737	-122.066220	1
2	37.563337	-122.050620	0
4	37.337137	-122.074020	1
2	37.516537	-121.988220	0
1	37.617937	-122.074020	-2
0	37.797337	-122.183220	13
0	37.992337	-122.284620	3
3	37.422937	-122.011620	1
1	37.680337	-122.066220	-2
0	37.750537	-122.495220	22
4	37.391737	-121.996020	7
2	37.586737	-122.347020	-2
2	37.524337	-121.964820	0
2	37.571137	-122.315820	-2
4	37.352737	-122.058420	1
1	37.610137	-122.409420	27
5	37.298137	-121.933620	12
1	37.711537	-122.198820	11
2	37.508737	-122.284620	-2
5	37.259137	-121.964820	8
1	37.680337	-122.456220	4
5	37.220137	-121.855620	2
3	37.454137	-122.159820	5
4	37.407337	-121.918020	9
2	37.610137	-122.144220	-2
5	37.212337	-121.918020	8
2	37.516537	-122.276820	-2
0	37.766137	-122.503020	22
0	37.875337	-122.245620	16
1	37.633537	-122.456220	4
1	37.625737	-122.144220	-2
0	37.953337	-122.409420	3
0	37.898737	-122.308020	3
1	37.727137	-122.432820	-2
1	37.719337	-122.136420	11
2	37.500937	-122.237820	-2
5	37.305937	-122.035020	10
1	37.750537	-122.152020	11
3	37.430737	-122.113020	1
4	37.368337	-121.957020	7
2	37.547737	-122.105220	0
2	37.539937	-122.089620	0
2	37.516537	-121.918020	0
0	37.797337	-122.393820	24
0	37.812937	-122.269020	15
5	37.266937	-122.019420	8
1	37.734937	-122.487420	14
1	37.672537	-122.105220	-2
1	37.656937	-122.113020	-2
3	37.415137	-122.066220	1
4	37.399537	-122.019420	1
4	37.360537	-121.980420	7
2	37.563337	-122.339220	-2
4	37.329337	-121.816620	-2
4	37.352737	-121.879020	6
5	37.298137	-122.003820	10
5	37.259137	-121.925820	12
1	37.680337	-122.136420	-2
5	37.212337	-121.863420	2
3	37.469737	-122.261220	-2
4	37.391737	-122.058420	1
4	37.360537	-121.925820	-2
4	37.313737	-122.042820	10
2	37.516537	-122.206620	-2
4	37.368337	-122.050620	1
4	37.344937	-121.863420	6
1	37.625737	-122.432820	4
0	37.968937	-122.308020	3
1	37.719337	-122.456220	14
1	37.703737	-122.081820	-2
3	37.446337	-121.980420	7
3	37.438537	-122.120820	5
3	37.477537	-122.292420	-2
3	37.493137	-121.980420	-2
4	37.360537	-121.808820	6
0	37.836337	-122.253420	17
4	37.376137	-122.003820	7
0	37.859737	-122.284620	20
0	37.812937	-122.198820	13
1	37.664737	-122.479620	4
3	37.415137	-121.871220	9
3	37.407337	-122.042820	1
5	37.251337	-121.832220	2
3	37.446337	-122.120820	5
3	37.500937	-122.097420	-2
4	37.329337	-121.988220	10
2	37.563337	-122.300220	-2
2	37.571137	-122.362620	-2
2	37.555537	-122.300220	-2
0	37.828537	-122.206620	13
0	37.773937	-122.261220	19
5	37.298137	-121.824420	2
5	37.282537	-122.003820	10
4	37.321537	-121.832220	6
5	37.235737	-121.808820	2
3	37.430737	-122.105220	1
3	37.469737	-122.206620	-2
3	37.422937	-122.058420	1
2	37.594537	-122.097420	-2
2	37.578937	-122.503020	18
2	37.586737	-122.097420	-2
2	37.571137	-122.066220	0
4	37.344937	-122.042820	1
4	37.352737	-121.808820	6
1	37.617937	-122.440620	4
1	37.719337	-122.495220	14
1	37.711537	-122.448420	14
1	37.703737	-122.089620	-2
1	37.688137	-122.393820	4
3	37.438537	-122.066220	1
3	37.485337	-121.972620	-2
2	37.555537	-122.074020	0
2	37.524337	-122.323620	-2
0	37.805137	-122.315820	15
0	37.906537	-122.386020	3
1	37.656937	-122.471820	4
1	37.641337	-122.128620	-2
3	37.407337	-121.863420	9
5	37.251337	-121.996020	8
4	37.383937	-121.941420	9
3	37.500937	-121.918020	-2
2	37.500937	-122.292420	-2
2	37.563337	-121.980420	0
2	37.547737	-122.354820	-2
0	37.773937	-122.206620	13
2	37.532137	-122.245620	-2
5	37.274737	-121.957020	12
1	37.734937	-122.237820	28
5	37.235737	-122.003820	8
3	37.430737	-122.159820	5
3	37.422937	-121.879020	9
3	37.485337	-122.245620	-2
2	37.524337	-122.035020	0
2	37.547737	-122.058420	0
1	37.625737	-122.042820	-2
0	37.961137	-122.276820	3
0	37.984537	-122.292420	3
1	37.711537	-122.503020	14
1	37.703737	-122.409420	4
4	37.376137	-121.957020	7
3	37.454137	-122.136420	5
3	37.493137	-122.308020	-2
4	37.407337	-121.972620	7
2	37.532137	-122.081820	0
4	37.313737	-121.793220	-2
0	37.851937	-122.237820	16
0	37.875337	-122.300220	20
5	37.290337	-121.988220	8
1	37.719337	-122.206620	-2
1	37.649137	-122.464020	4
5	37.282537	-121.964820	12
5	37.204537	-121.840020	2
5	37.251337	-121.941420	8
5	37.243537	-122.003820	8
3	37.500937	-121.988220	-2
